10
Kayle,
Victories: 83,
Matches: 142,
KDA: 15/1/2,3/7/1,18/5/9,3/2/8,8/3/10,10/2/7,5/9/4,5/2/7,4/3/5,9/8/9,6/2/9,10/11/7,5/1/3,6/5/3,6/3/9,11/14/5,11/1/7,4/4/6,8/1/4,10/1/16,15/4/12,1/2/2,9/2/6,12/5/2,2/6/6,8/0/3,4/6/6,1/4/0,7/1/11,7/2/13,13/1/4,8/7/8,11/1/8,12/5/8,12/5/17,10/5/6,3/5/9,9/7/27,3/8/5,10/9/9,11/7/12,9/2/7,11/5/18,15/7/14,6/5/6,7/3/2,1/5/2,8/3/5,1/4/4,7/1/16,3/0/4,11/3/10,13/0/2,2/3/3,8/7/12,8/13/12,5/3/4,4/9/8,13/4/4,2/4/8,5/3/8,5/6/2,9/5/8,3/3/9,1/4/2,6/3/18,16/8/13,2/6/1,9/4/9,4/7/12,9/7/16,2/5/4,8/1/11,0/3/2,4/5/5,5/7/17,3/4/6,2/7/9,7/8/9,2/2/6,8/3/7,14/3/10,12/8/17,5/1/3,6/3/10,8/5/10,7/5/7,8/2/10,3/7/5,2/3/0,6/4/4,9/2/11,5/7/0,11/7/9,4/3/4,2/6/5,15/8/10,11/4/13,10/7/9,12/2/15,4/7/9,6/5/11,7/12/9,5/12/8,6/5/14,5/5/1,5/1/3,7/10/5,6/2/3,1/0/4,3/6/13,4/7/10,7/3/11,16/2/11,6/10/1,4/6/4,6/9/11,4/6/14,10/0/7,0/5/2,8/7/4,3/5/0,6/8/23,11/5/7,8/8/15,8/10/9,7/5/10,8/2/4,6/14/6,8/1/6,7/5/7,12/2/7,10/4/10,6/6/10,6/5/9,6/7/5,4/8/1,13/2/6,1/6/5,3/7/4,14/6/5,4/6/4,
AverageChampDamage: 24911,8094,56013,10075,19641,23353,20053,13189,11703,41166,28188,19846,8240,12973,15172,30452,35983,15533,11997,37776,37147,8394,16018,17696,8433,13905,22119,4315,19692,15443,26564,21391,24504,27593,52280,22213,8187,31054,27771,43776,48504,21165,29772,61887,15150,11822,8997,12507,8462,20536,8528,13987,22303,7792,25850,51135,11324,20893,37144,26438,16178,12450,22574,19496,10774,36554,66983,11975,17082,18354,36752,11080,17812,8047,9547,15857,18902,17577,21900,15971,19077,33123,38214,9594,15996,24345,21532,22563,26553,5311,19013,23886,12568,24971,9095,11359,67649,35817,27314,24740,14413,16718,31095,20705,18235,13161,12183,18450,13779,4660,15095,29212,30780,18627,15509,14995,18837,20390,18891,6127,23961,6234,28143,34231,39801,20879,21430,11498,17145,17505,23766,18485,21016,14161,21927,17044,11104,24518,8982,18088,30583,14362,
AverageRelativeChampDamage: 25,27,36,20,28,33,22,12,17,30,26,19,19,19,18,20,35,19,20,29,30,27,18,24,19,30,27,16,19,19,32,23,28,28,29,32,10,23,24,24,28,31,32,38,23,23,24,19,22,21,9,23,28,15,22,24,21,28,26,24,20,17,25,22,19,27,26,20,19,13,24,15,21,27,15,14,19,17,16,14,20,33,23,27,30,21,26,27,30,23,27,28,28,22,17,22,34,32,29,26,20,15,27,25,16,29,26,22,20,11,16,19,23,28,15,35,19,21,28,17,34,17,24,24,24,20,21,33,20,22,31,29,19,13,23,33,30,34,25,18,26,18,
AverageTotalDamage: 191264,50416,277670,143851,156931,175256,156465,223595,141343,258075,210790,178780,78951,124407,224717,284406,244164,149476,114775,255437,207691,86441,120871,146383,123704,74583,143950,66379,271608,168322,199982,226123,189720,197955,382373,156591,135859,137876,202207,318651,344869,158969,180164,319027,110664,118560,144994,127435,114066,207702,152286,85772,207221,94187,159198,315192,103469,136803,298349,158488,144859,121932,125488,239119,111651,216029,369417,120650,124381,170336,174720,144356,204925,72056,189324,161492,219862,155837,212647,139247,213504,197115,290010,94887,135866,188471,175887,176781,192457,50892,148674,159421,86000,166603,116158,116533,364693,212222,178470,170950,99650,119735,201045,152062,149643,76039,91094,122409,131131,64676,173772,331681,247150,110803,136009,98941,153923,108996,181989,40906,193337,48585,153119,201961,153116,138754,145322,71333,123708,171748,106355,117395,156096,91424,230729,136031,114708,185992,76002,168538,207446,111537,
AverageRelativeTotalDamage: 28,20,35,26,27,34,28,24,26,31,28,24,24,25,26,28,33,25,27,27,25,24,22,23,27,23,26,28,39,27,31,29,31,29,34,28,19,19,26,30,34,28,28,31,25,28,30,23,27,31,22,19,35,28,20,24,25,30,40,24,24,23,21,31,25,26,26,26,22,20,22,25,25,26,26,23,23,23,25,21,28,29,26,23,27,23,27,29,31,25,25,25,24,22,22,24,29,28,28,27,22,16,25,26,22,21,33,27,23,19,21,31,31,25,19,24,20,16,28,18,27,18,26,21,17,25,23,22,21,23,22,26,21,13,31,32,30,32,22,22,27,20,
AverageGold: 15664,6429,19658,10960,13031,13840,10986,16064,10800,17888,14146,15178,8184,11200,15335,19510,16494,12184,10946,18361,17800,7761,11711,14272,9911,8898,11703,6104,16354,13281,15679,16198,15004,17008,22279,14195,12487,15686,13245,19140,21278,14088,15989,20876,10427,10977,10958,12411,8744,15693,12112,11576,15732,8109,14807,20569,9901,12014,19504,11603,12604,10358,12758,14810,8740,16007,24441,10357,12997,13893,15922,11596,15900,6409,12821,13951,15003,12588,15598,11799,15194,16735,20678,8892,12481,15339,13411,13698,12882,5700,12030,13891,8595,15346,10041,9759,21986,16818,14863,14604,9551,13392,14885,11559,14006,8321,8935,11079,11202,7131,14142,18683,17269,13100,13284,9630,13919,12065,14672,5272,13850,6422,14074,17239,15645,12519,13970,8937,11631,13893,10902,12453,14961,12235,15714,11103,9748,15255,7509,12841,17150,9824,
AverageRelativeGold: 25,19,25,21,23,25,0,21,21,23,21,22,22,22,22,22,24,20,22,23,24,19,20,22,22,21,21,21,23,21,25,22,24,23,24,24,19,20,0,22,23,23,23,24,22,22,23,23,0,23,19,21,26,21,20,20,22,22,27,0,21,20,20,22,20,21,22,21,21,18,19,21,21,21,21,20,20,20,20,18,22,25,21,22,22,20,22,23,23,21,22,23,22,20,19,21,24,24,24,23,21,18,22,20,19,23,23,20,20,18,19,22,22,24,19,21,21,18,22,18,23,19,21,21,18,21,21,23,20,21,21,23,21,17,23,24,23,25,19,20,23,20,
Item Data:

===ITEM====
ItemID: 1026,
Name: Blasting Wand,
Wins: 11,
Games: 18,
KDA: 15/1/2,3/7/1,5/2/7,9/8/9,11/1/7,2/6/6,10/5/6,11/5/18,6/5/6,6/3/18,9/7/16,5/7/17,2/7/9,8/3/7,6/4/4,7/3/11,6/9/11,8/8/15,
AverageChampDamage: 24911,8094,13189,41166,35983,8433,22213,29772,15150,36554,36752,15857,17577,19077,19013,30780,18837,39801,
AverageRelativeChampDamage: 25,27,12,30,35,19,32,32,23,27,24,14,17,20,27,23,19,24,
AverageTotalDamage: 191264,50416,223595,258075,244164,123704,156591,180164,110664,216029,174720,161492,155837,213504,148674,247150,153923,153116,
AverageRelativeTotalDamage: 28,20,24,31,33,27,28,28,25,26,22,23,23,28,25,31,20,17,
AverageGold: 15664,6429,16064,17888,16494,9911,14195,15989,10427,16007,15922,13951,12588,15194,12030,17269,13919,15645,
AverageRelativeGold: 25,19,21,23,24,22,24,23,22,21,19,20,20,22,22,22,21,18,
===ITEM====
ItemID: 3115,
Name: Nashor's Tooth,
Wins: 83,
Games: 140,
KDA: 15/1/2,3/7/1,18/5/9,3/2/8,8/3/10,10/2/7,5/9/4,5/2/7,4/3/5,9/8/9,6/2/9,10/11/7,5/1/3,6/5/3,6/3/9,11/14/5,11/1/7,4/4/6,8/1/4,10/1/16,15/4/12,1/2/2,9/2/6,12/5/2,2/6/6,8/0/3,4/6/6,7/1/11,7/2/13,13/1/4,8/7/8,11/1/8,12/5/8,12/5/17,10/5/6,3/5/9,9/7/27,3/8/5,10/9/9,11/7/12,9/2/7,11/5/18,15/7/14,6/5/6,7/3/2,1/5/2,8/3/5,1/4/4,7/1/16,3/0/4,11/3/10,13/0/2,2/3/3,8/7/12,8/13/12,5/3/4,4/9/8,13/4/4,2/4/8,5/3/8,5/6/2,9/5/8,3/3/9,1/4/2,6/3/18,16/8/13,2/6/1,9/4/9,4/7/12,9/7/16,2/5/4,8/1/11,4/5/5,5/7/17,3/4/6,2/7/9,7/8/9,2/2/6,8/3/7,14/3/10,12/8/17,5/1/3,6/3/10,8/5/10,7/5/7,8/2/10,3/7/5,2/3/0,6/4/4,9/2/11,5/7/0,11/7/9,4/3/4,2/6/5,15/8/10,11/4/13,10/7/9,12/2/15,4/7/9,6/5/11,7/12/9,5/12/8,6/5/14,5/5/1,5/1/3,7/10/5,6/2/3,1/0/4,3/6/13,4/7/10,7/3/11,16/2/11,6/10/1,4/6/4,6/9/11,4/6/14,10/0/7,0/5/2,8/7/4,3/5/0,6/8/23,11/5/7,8/8/15,8/10/9,7/5/10,8/2/4,6/14/6,8/1/6,7/5/7,12/2/7,10/4/10,6/6/10,6/5/9,6/7/5,4/8/1,13/2/6,1/6/5,3/7/4,14/6/5,4/6/4,
AverageChampDamage: 24911,8094,56013,10075,19641,23353,20053,13189,11703,41166,28188,19846,8240,12973,15172,30452,35983,15533,11997,37776,37147,8394,16018,17696,8433,13905,22119,19692,15443,26564,21391,24504,27593,52280,22213,8187,31054,27771,43776,48504,21165,29772,61887,15150,11822,8997,12507,8462,20536,8528,13987,22303,7792,25850,51135,11324,20893,37144,26438,16178,12450,22574,19496,10774,36554,66983,11975,17082,18354,36752,11080,17812,9547,15857,18902,17577,21900,15971,19077,33123,38214,9594,15996,24345,21532,22563,26553,5311,19013,23886,12568,24971,9095,11359,67649,35817,27314,24740,14413,16718,31095,20705,18235,13161,12183,18450,13779,4660,15095,29212,30780,18627,15509,14995,18837,20390,18891,6127,23961,6234,28143,34231,39801,20879,21430,11498,17145,17505,23766,18485,21016,14161,21927,17044,11104,24518,8982,18088,30583,14362,
AverageRelativeChampDamage: 25,27,36,20,28,33,22,12,17,30,26,19,19,19,18,20,35,19,20,29,30,27,18,24,19,30,27,19,19,32,23,28,28,29,32,10,23,24,24,28,31,32,38,23,23,24,19,22,21,9,23,28,15,22,24,21,28,26,24,20,17,25,22,19,27,26,20,19,13,24,15,21,15,14,19,17,16,14,20,33,23,27,30,21,26,27,30,23,27,28,28,22,17,22,34,32,29,26,20,15,27,25,16,29,26,22,20,11,16,19,23,28,15,35,19,21,28,17,34,17,24,24,24,20,21,33,20,22,31,29,19,13,23,33,30,34,25,18,26,18,
AverageTotalDamage: 191264,50416,277670,143851,156931,175256,156465,223595,141343,258075,210790,178780,78951,124407,224717,284406,244164,149476,114775,255437,207691,86441,120871,146383,123704,74583,143950,271608,168322,199982,226123,189720,197955,382373,156591,135859,137876,202207,318651,344869,158969,180164,319027,110664,118560,144994,127435,114066,207702,152286,85772,207221,94187,159198,315192,103469,136803,298349,158488,144859,121932,125488,239119,111651,216029,369417,120650,124381,170336,174720,144356,204925,189324,161492,219862,155837,212647,139247,213504,197115,290010,94887,135866,188471,175887,176781,192457,50892,148674,159421,86000,166603,116158,116533,364693,212222,178470,170950,99650,119735,201045,152062,149643,76039,91094,122409,131131,64676,173772,331681,247150,110803,136009,98941,153923,108996,181989,40906,193337,48585,153119,201961,153116,138754,145322,71333,123708,171748,106355,117395,156096,91424,230729,136031,114708,185992,76002,168538,207446,111537,
AverageRelativeTotalDamage: 28,20,35,26,27,34,28,24,26,31,28,24,24,25,26,28,33,25,27,27,25,24,22,23,27,23,26,39,27,31,29,31,29,34,28,19,19,26,30,34,28,28,31,25,28,30,23,27,31,22,19,35,28,20,24,25,30,40,24,24,23,21,31,25,26,26,26,22,20,22,25,25,26,23,23,23,25,21,28,29,26,23,27,23,27,29,31,25,25,25,24,22,22,24,29,28,28,27,22,16,25,26,22,21,33,27,23,19,21,31,31,25,19,24,20,16,28,18,27,18,26,21,17,25,23,22,21,23,22,26,21,13,31,32,30,32,22,22,27,20,
AverageGold: 15664,6429,19658,10960,13031,13840,10986,16064,10800,17888,14146,15178,8184,11200,15335,19510,16494,12184,10946,18361,17800,7761,11711,14272,9911,8898,11703,16354,13281,15679,16198,15004,17008,22279,14195,12487,15686,13245,19140,21278,14088,15989,20876,10427,10977,10958,12411,8744,15693,12112,11576,15732,8109,14807,20569,9901,12014,19504,11603,12604,10358,12758,14810,8740,16007,24441,10357,12997,13893,15922,11596,15900,12821,13951,15003,12588,15598,11799,15194,16735,20678,8892,12481,15339,13411,13698,12882,5700,12030,13891,8595,15346,10041,9759,21986,16818,14863,14604,9551,13392,14885,11559,14006,8321,8935,11079,11202,7131,14142,18683,17269,13100,13284,9630,13919,12065,14672,5272,13850,6422,14074,17239,15645,12519,13970,8937,11631,13893,10902,12453,14961,12235,15714,11103,9748,15255,7509,12841,17150,9824,
AverageRelativeGold: 25,19,25,21,23,25,0,21,21,23,21,22,22,22,22,22,24,20,22,23,24,19,20,22,22,21,21,23,21,25,22,24,23,24,24,19,20,0,22,23,23,23,24,22,22,23,23,0,23,19,21,26,21,20,20,22,22,27,0,21,20,20,22,20,21,22,21,21,18,19,21,21,21,20,20,20,20,18,22,25,21,22,22,20,22,23,23,21,22,23,22,20,19,21,24,24,24,23,21,18,22,20,19,23,23,20,20,18,19,22,22,24,19,21,21,18,22,18,23,19,21,21,18,21,21,23,20,21,21,23,21,17,23,24,23,25,19,20,23,20,
===ITEM====
ItemID: 3085,
Name: Runaan's Hurricane,
Wins: 27,
Games: 45,
KDA: 15/1/2,18/5/9,5/2/7,9/8/9,10/11/7,11/14/5,10/1/16,15/4/12,2/6/6,8/0/3,4/6/6,1/4/0,7/1/11,7/2/13,13/1/4,8/7/8,11/1/8,12/5/8,12/5/17,10/9/9,15/7/14,8/13/12,1/4/2,0/3/2,5/7/17,3/4/6,7/8/9,11/7/9,2/6/5,11/4/13,7/12/9,5/12/8,6/5/14,4/7/10,7/3/11,16/2/11,6/9/11,10/0/7,8/7/4,11/5/7,8/8/15,6/14/6,6/7/5,13/2/6,14/6/5,
AverageChampDamage: 24911,56013,13189,41166,19846,30452,37776,37147,8433,13905,22119,4315,19692,15443,26564,21391,24504,27593,52280,43776,61887,51135,10774,8047,15857,18902,21900,24971,11359,35817,31095,20705,18235,29212,30780,18627,18837,18891,23961,34231,39801,17145,17044,24518,30583,
AverageRelativeChampDamage: 25,36,12,30,19,20,29,30,19,30,27,16,19,19,32,23,28,28,29,24,38,24,19,27,14,19,16,22,22,32,27,25,16,19,23,28,19,28,34,24,24,20,33,34,26,
AverageTotalDamage: 191264,277670,223595,258075,178780,284406,255437,207691,123704,74583,143950,66379,271608,168322,199982,226123,189720,197955,382373,318651,319027,315192,111651,72056,161492,219862,212647,166603,116533,212222,201045,152062,149643,331681,247150,110803,153923,181989,193337,201961,153116,123708,136031,185992,207446,
AverageRelativeTotalDamage: 28,35,24,31,24,28,27,25,27,23,26,28,39,27,31,29,31,29,34,30,31,24,25,26,23,23,25,22,24,28,25,26,22,31,31,25,20,28,27,21,17,21,32,32,27,
AverageGold: 15664,19658,16064,17888,15178,19510,18361,17800,9911,8898,11703,6104,16354,13281,15679,16198,15004,17008,22279,19140,20876,20569,8740,6409,13951,15003,15598,15346,9759,16818,14885,11559,14006,18683,17269,13100,13919,14672,13850,17239,15645,11631,11103,15255,17150,
AverageRelativeGold: 25,25,21,23,22,22,23,24,22,21,21,21,23,21,25,22,24,23,24,22,24,20,20,21,20,20,20,20,21,24,22,20,19,22,22,24,21,22,23,21,18,20,24,25,23,
===ITEM====
ItemID: 3006,
Name: Berserker's Greaves,
Wins: 69,
Games: 112,
KDA: 15/1/2,3/7/1,18/5/9,3/2/8,8/3/10,10/2/7,5/9/4,5/2/7,9/8/9,5/1/3,6/5/3,6/3/9,4/4/6,8/1/4,10/1/16,15/4/12,1/2/2,9/2/6,2/6/6,8/0/3,4/6/6,7/1/11,7/2/13,13/1/4,8/7/8,11/1/8,12/5/8,10/5/6,3/5/9,9/7/27,3/8/5,10/9/9,9/2/7,6/5/6,7/3/2,1/5/2,8/3/5,1/4/4,7/1/16,3/0/4,13/0/2,2/3/3,8/7/12,5/3/4,4/9/8,13/4/4,2/4/8,5/3/8,5/6/2,9/5/8,3/3/9,6/3/18,16/8/13,9/4/9,4/7/12,8/1/11,4/5/5,5/7/17,3/4/6,2/7/9,7/8/9,2/2/6,8/3/7,14/3/10,12/8/17,6/3/10,8/5/10,7/5/7,8/2/10,3/7/5,6/4/4,9/2/11,5/7/0,11/7/9,15/8/10,11/4/13,10/7/9,12/2/15,4/7/9,6/5/11,7/12/9,5/12/8,6/5/14,5/5/1,5/1/3,7/10/5,6/2/3,1/0/4,4/7/10,7/3/11,16/2/11,6/10/1,4/6/4,10/0/7,0/5/2,8/7/4,6/8/23,11/5/7,8/8/15,8/10/9,7/5/10,6/14/6,8/1/6,7/5/7,12/2/7,10/4/10,6/6/10,6/5/9,4/8/1,13/2/6,3/7/4,14/6/5,
AverageChampDamage: 24911,8094,56013,10075,19641,23353,20053,13189,41166,8240,12973,15172,15533,11997,37776,37147,8394,16018,8433,13905,22119,19692,15443,26564,21391,24504,27593,22213,8187,31054,27771,43776,21165,15150,11822,8997,12507,8462,20536,8528,22303,7792,25850,11324,20893,37144,26438,16178,12450,22574,19496,36554,66983,17082,18354,17812,9547,15857,18902,17577,21900,15971,19077,33123,38214,15996,24345,21532,22563,26553,19013,23886,12568,24971,67649,35817,27314,24740,14413,16718,31095,20705,18235,13161,12183,18450,13779,4660,29212,30780,18627,15509,14995,18891,6127,23961,28143,34231,39801,20879,21430,17145,17505,23766,18485,21016,14161,21927,11104,24518,18088,30583,
AverageRelativeChampDamage: 25,27,36,20,28,33,22,12,30,19,19,18,19,20,29,30,27,18,19,30,27,19,19,32,23,28,28,32,10,23,24,24,31,23,23,24,19,22,21,9,28,15,22,21,28,26,24,20,17,25,22,27,26,19,13,21,15,14,19,17,16,14,20,33,23,30,21,26,27,30,27,28,28,22,34,32,29,26,20,15,27,25,16,29,26,22,20,11,19,23,28,15,35,28,17,34,24,24,24,20,21,20,22,31,29,19,13,23,30,34,18,26,
AverageTotalDamage: 191264,50416,277670,143851,156931,175256,156465,223595,258075,78951,124407,224717,149476,114775,255437,207691,86441,120871,123704,74583,143950,271608,168322,199982,226123,189720,197955,156591,135859,137876,202207,318651,158969,110664,118560,144994,127435,114066,207702,152286,207221,94187,159198,103469,136803,298349,158488,144859,121932,125488,239119,216029,369417,124381,170336,204925,189324,161492,219862,155837,212647,139247,213504,197115,290010,135866,188471,175887,176781,192457,148674,159421,86000,166603,364693,212222,178470,170950,99650,119735,201045,152062,149643,76039,91094,122409,131131,64676,331681,247150,110803,136009,98941,181989,40906,193337,153119,201961,153116,138754,145322,123708,171748,106355,117395,156096,91424,230729,114708,185992,168538,207446,
AverageRelativeTotalDamage: 28,20,35,26,27,34,28,24,31,24,25,26,25,27,27,25,24,22,27,23,26,39,27,31,29,31,29,28,19,19,26,30,28,25,28,30,23,27,31,22,35,28,20,25,30,40,24,24,23,21,31,26,26,22,20,25,26,23,23,23,25,21,28,29,26,27,23,27,29,31,25,25,24,22,29,28,28,27,22,16,25,26,22,21,33,27,23,19,31,31,25,19,24,28,18,27,26,21,17,25,23,21,23,22,26,21,13,31,30,32,22,27,
AverageGold: 15664,6429,19658,10960,13031,13840,10986,16064,17888,8184,11200,15335,12184,10946,18361,17800,7761,11711,9911,8898,11703,16354,13281,15679,16198,15004,17008,14195,12487,15686,13245,19140,14088,10427,10977,10958,12411,8744,15693,12112,15732,8109,14807,9901,12014,19504,11603,12604,10358,12758,14810,16007,24441,12997,13893,15900,12821,13951,15003,12588,15598,11799,15194,16735,20678,12481,15339,13411,13698,12882,12030,13891,8595,15346,21986,16818,14863,14604,9551,13392,14885,11559,14006,8321,8935,11079,11202,7131,18683,17269,13100,13284,9630,14672,5272,13850,14074,17239,15645,12519,13970,11631,13893,10902,12453,14961,12235,15714,9748,15255,12841,17150,
AverageRelativeGold: 25,19,25,21,23,25,0,21,23,22,22,22,20,22,23,24,19,20,22,21,21,23,21,25,22,24,23,24,19,20,0,22,23,22,22,23,23,0,23,19,26,21,20,22,22,27,0,21,20,20,22,21,22,21,18,21,21,20,20,20,20,18,22,25,21,22,20,22,23,23,22,23,22,20,24,24,24,23,21,18,22,20,19,23,23,20,20,18,22,22,24,19,21,22,18,23,21,21,18,21,21,20,21,21,23,21,17,23,23,25,20,23,
===ITEM====
ItemID: 3124,
Name: Guinsoo's Rageblade,
Wins: 56,
Games: 85,
KDA: 15/1/2,18/5/9,3/2/8,8/3/10,10/2/7,5/9/4,5/2/7,4/3/5,9/8/9,6/2/9,10/11/7,5/1/3,6/5/3,6/3/9,11/14/5,11/1/7,4/4/6,8/1/4,10/1/16,15/4/12,1/2/2,9/2/6,12/5/2,7/1/11,7/2/13,13/1/4,8/7/8,11/1/8,12/5/8,12/5/17,10/5/6,3/5/9,9/7/27,3/8/5,10/9/9,11/7/12,9/2/7,11/5/18,15/7/14,7/3/2,1/5/2,8/3/5,1/4/4,7/1/16,3/0/4,11/3/10,13/0/2,2/3/3,8/7/12,5/3/4,4/9/8,13/4/4,5/3/8,9/5/8,3/3/9,16/8/13,2/6/1,4/7/12,2/5/4,8/1/11,4/5/5,2/7/9,8/3/7,14/3/10,12/8/17,6/3/10,8/5/10,7/5/7,8/2/10,6/4/4,9/2/11,15/8/10,11/4/13,10/7/9,12/2/15,6/5/11,3/6/13,8/7/4,8/1/6,12/2/7,6/5/9,4/8/1,13/2/6,3/7/4,14/6/5,
AverageChampDamage: 24911,56013,10075,19641,23353,20053,13189,11703,41166,28188,19846,8240,12973,15172,30452,35983,15533,11997,37776,37147,8394,16018,17696,19692,15443,26564,21391,24504,27593,52280,22213,8187,31054,27771,43776,48504,21165,29772,61887,11822,8997,12507,8462,20536,8528,13987,22303,7792,25850,11324,20893,37144,16178,22574,19496,66983,11975,18354,11080,17812,9547,17577,19077,33123,38214,15996,24345,21532,22563,19013,23886,67649,35817,27314,24740,16718,15095,23961,17505,18485,21927,11104,24518,18088,30583,
AverageRelativeChampDamage: 25,36,20,28,33,22,12,17,30,26,19,19,19,18,20,35,19,20,29,30,27,18,24,19,19,32,23,28,28,29,32,10,23,24,24,28,31,32,38,23,24,19,22,21,9,23,28,15,22,21,28,26,20,25,22,26,20,13,15,21,15,17,20,33,23,30,21,26,27,27,28,34,32,29,26,15,16,34,22,29,23,30,34,18,26,
AverageTotalDamage: 191264,277670,143851,156931,175256,156465,223595,141343,258075,210790,178780,78951,124407,224717,284406,244164,149476,114775,255437,207691,86441,120871,146383,271608,168322,199982,226123,189720,197955,382373,156591,135859,137876,202207,318651,344869,158969,180164,319027,118560,144994,127435,114066,207702,152286,85772,207221,94187,159198,103469,136803,298349,144859,125488,239119,369417,120650,170336,144356,204925,189324,155837,213504,197115,290010,135866,188471,175887,176781,148674,159421,364693,212222,178470,170950,119735,173772,193337,171748,117395,230729,114708,185992,168538,207446,
AverageRelativeTotalDamage: 28,35,26,27,34,28,24,26,31,28,24,24,25,26,28,33,25,27,27,25,24,22,23,39,27,31,29,31,29,34,28,19,19,26,30,34,28,28,31,28,30,23,27,31,22,19,35,28,20,25,30,40,24,21,31,26,26,20,25,25,26,23,28,29,26,27,23,27,29,25,25,29,28,28,27,16,21,27,23,26,31,30,32,22,27,
AverageGold: 15664,19658,10960,13031,13840,10986,16064,10800,17888,14146,15178,8184,11200,15335,19510,16494,12184,10946,18361,17800,7761,11711,14272,16354,13281,15679,16198,15004,17008,22279,14195,12487,15686,13245,19140,21278,14088,15989,20876,10977,10958,12411,8744,15693,12112,11576,15732,8109,14807,9901,12014,19504,12604,12758,14810,24441,10357,13893,11596,15900,12821,12588,15194,16735,20678,12481,15339,13411,13698,12030,13891,21986,16818,14863,14604,13392,14142,13850,13893,12453,15714,9748,15255,12841,17150,
AverageRelativeGold: 25,25,21,23,25,0,21,21,23,21,22,22,22,22,22,24,20,22,23,24,19,20,22,23,21,25,22,24,23,24,24,19,20,0,22,23,23,23,24,22,23,23,0,23,19,21,26,21,20,22,22,27,21,20,22,22,21,18,21,21,21,20,22,25,21,22,20,22,23,22,23,24,24,24,23,18,19,23,21,23,23,23,25,20,23,
===ITEM====
ItemID: 3091,
Name: Wit's End,
Wins: 18,
Games: 35,
KDA: 15/1/2,10/9/9,6/5/6,8/7/12,5/6/2,12/8/17,3/7/5,9/2/11,5/7/0,2/6/5,15/8/10,11/4/13,10/7/9,12/2/15,6/5/11,7/12/9,5/5/1,5/1/3,7/10/5,6/2/3,3/6/13,4/7/10,7/3/11,6/10/1,4/6/14,10/0/7,8/7/4,6/8/23,11/5/7,8/8/15,8/10/9,7/5/10,8/2/4,10/4/10,4/6/4,
AverageChampDamage: 24911,43776,15150,25850,12450,38214,26553,23886,12568,11359,67649,35817,27314,24740,16718,31095,13161,12183,18450,13779,15095,29212,30780,15509,20390,18891,23961,28143,34231,39801,20879,21430,11498,21016,14362,
AverageRelativeChampDamage: 25,24,23,22,17,23,30,28,28,22,34,32,29,26,15,27,29,26,22,20,16,19,23,15,21,28,34,24,24,24,20,21,33,19,18,
AverageTotalDamage: 191264,318651,110664,159198,121932,290010,192457,159421,86000,116533,364693,212222,178470,170950,119735,201045,76039,91094,122409,131131,173772,331681,247150,136009,108996,181989,193337,153119,201961,153116,138754,145322,71333,156096,111537,
AverageRelativeTotalDamage: 28,30,25,20,23,26,31,25,24,24,29,28,28,27,16,25,21,33,27,23,21,31,31,19,16,28,27,26,21,17,25,23,22,21,20,
AverageGold: 15664,19140,10427,14807,10358,20678,12882,13891,8595,9759,21986,16818,14863,14604,13392,14885,8321,8935,11079,11202,14142,18683,17269,13284,12065,14672,13850,14074,17239,15645,12519,13970,8937,14961,9824,
AverageRelativeGold: 25,22,22,20,20,21,23,23,22,21,24,24,24,23,18,22,23,23,20,20,19,22,22,19,18,22,23,21,21,18,21,21,23,21,20,
===ITEM====
ItemID: 3340,
Name: Warding Totem (Trinket),
Wins: 68,
Games: 118,
KDA: 15/1/2,3/7/1,3/2/8,8/3/10,10/2/7,5/9/4,5/2/7,4/3/5,9/8/9,5/1/3,6/5/3,6/3/9,11/1/7,8/1/4,10/1/16,15/4/12,1/2/2,2/6/6,8/0/3,1/4/0,7/1/11,13/1/4,11/1/8,12/5/8,12/5/17,3/5/9,9/7/27,3/8/5,10/9/9,9/2/7,11/5/18,6/5/6,7/3/2,1/5/2,8/3/5,1/4/4,7/1/16,3/0/4,11/3/10,13/0/2,2/3/3,8/7/12,8/13/12,5/3/4,4/9/8,2/4/8,5/3/8,5/6/2,9/5/8,3/3/9,1/4/2,6/3/18,16/8/13,2/6/1,9/4/9,4/7/12,9/7/16,2/5/4,8/1/11,0/3/2,4/5/5,5/7/17,2/7/9,7/8/9,2/2/6,8/3/7,12/8/17,5/1/3,6/3/10,8/5/10,7/5/7,8/2/10,3/7/5,2/3/0,6/4/4,9/2/11,5/7/0,11/7/9,4/3/4,2/6/5,15/8/10,12/2/15,4/7/9,6/5/11,5/12/8,5/5/1,5/1/3,7/10/5,6/2/3,1/0/4,4/7/10,7/3/11,16/2/11,6/10/1,4/6/4,4/6/14,10/0/7,0/5/2,8/7/4,3/5/0,6/8/23,8/8/15,7/5/10,8/2/4,6/14/6,8/1/6,7/5/7,12/2/7,10/4/10,6/6/10,6/5/9,6/7/5,4/8/1,13/2/6,1/6/5,3/7/4,14/6/5,4/6/4,
AverageChampDamage: 24911,8094,10075,19641,23353,20053,13189,11703,41166,8240,12973,15172,35983,11997,37776,37147,8394,8433,13905,4315,19692,26564,24504,27593,52280,8187,31054,27771,43776,21165,29772,15150,11822,8997,12507,8462,20536,8528,13987,22303,7792,25850,51135,11324,20893,26438,16178,12450,22574,19496,10774,36554,66983,11975,17082,18354,36752,11080,17812,8047,9547,15857,17577,21900,15971,19077,38214,9594,15996,24345,21532,22563,26553,5311,19013,23886,12568,24971,9095,11359,67649,24740,14413,16718,20705,13161,12183,18450,13779,4660,29212,30780,18627,15509,14995,20390,18891,6127,23961,6234,28143,39801,21430,11498,17145,17505,23766,18485,21016,14161,21927,17044,11104,24518,8982,18088,30583,14362,
AverageRelativeChampDamage: 25,27,20,28,33,22,12,17,30,19,19,18,35,20,29,30,27,19,30,16,19,32,28,28,29,10,23,24,24,31,32,23,23,24,19,22,21,9,23,28,15,22,24,21,28,24,20,17,25,22,19,27,26,20,19,13,24,15,21,27,15,14,17,16,14,20,23,27,30,21,26,27,30,23,27,28,28,22,17,22,34,26,20,15,25,29,26,22,20,11,19,23,28,15,35,21,28,17,34,17,24,24,21,33,20,22,31,29,19,13,23,33,30,34,25,18,26,18,
AverageTotalDamage: 191264,50416,143851,156931,175256,156465,223595,141343,258075,78951,124407,224717,244164,114775,255437,207691,86441,123704,74583,66379,271608,199982,189720,197955,382373,135859,137876,202207,318651,158969,180164,110664,118560,144994,127435,114066,207702,152286,85772,207221,94187,159198,315192,103469,136803,158488,144859,121932,125488,239119,111651,216029,369417,120650,124381,170336,174720,144356,204925,72056,189324,161492,155837,212647,139247,213504,290010,94887,135866,188471,175887,176781,192457,50892,148674,159421,86000,166603,116158,116533,364693,170950,99650,119735,152062,76039,91094,122409,131131,64676,331681,247150,110803,136009,98941,108996,181989,40906,193337,48585,153119,153116,145322,71333,123708,171748,106355,117395,156096,91424,230729,136031,114708,185992,76002,168538,207446,111537,
AverageRelativeTotalDamage: 28,20,26,27,34,28,24,26,31,24,25,26,33,27,27,25,24,27,23,28,39,31,31,29,34,19,19,26,30,28,28,25,28,30,23,27,31,22,19,35,28,20,24,25,30,24,24,23,21,31,25,26,26,26,22,20,22,25,25,26,26,23,23,25,21,28,26,23,27,23,27,29,31,25,25,25,24,22,22,24,29,27,22,16,26,21,33,27,23,19,31,31,25,19,24,16,28,18,27,18,26,17,23,22,21,23,22,26,21,13,31,32,30,32,22,22,27,20,
AverageGold: 15664,6429,10960,13031,13840,10986,16064,10800,17888,8184,11200,15335,16494,10946,18361,17800,7761,9911,8898,6104,16354,15679,15004,17008,22279,12487,15686,13245,19140,14088,15989,10427,10977,10958,12411,8744,15693,12112,11576,15732,8109,14807,20569,9901,12014,11603,12604,10358,12758,14810,8740,16007,24441,10357,12997,13893,15922,11596,15900,6409,12821,13951,12588,15598,11799,15194,20678,8892,12481,15339,13411,13698,12882,5700,12030,13891,8595,15346,10041,9759,21986,14604,9551,13392,11559,8321,8935,11079,11202,7131,18683,17269,13100,13284,9630,12065,14672,5272,13850,6422,14074,15645,13970,8937,11631,13893,10902,12453,14961,12235,15714,11103,9748,15255,7509,12841,17150,9824,
AverageRelativeGold: 25,19,21,23,25,0,21,21,23,22,22,22,24,22,23,24,19,22,21,21,23,25,24,23,24,19,20,0,22,23,23,22,22,23,23,0,23,19,21,26,21,20,20,22,22,0,21,20,20,22,20,21,22,21,21,18,19,21,21,21,21,20,20,20,18,22,21,22,22,20,22,23,23,21,22,23,22,20,19,21,24,23,21,18,20,23,23,20,20,18,22,22,24,19,21,18,22,18,23,19,21,18,21,23,20,21,21,23,21,17,23,24,23,25,19,20,23,20,
===ITEM====
ItemID: 1056,
Name: Doran's Ring,
Wins: 23,
Games: 42,
KDA: 3/7/1,3/2/8,8/3/10,4/3/5,5/1/3,4/4/6,8/1/4,1/2/2,9/2/6,2/6/6,8/0/3,1/4/0,13/1/4,11/1/8,9/2/7,6/5/6,11/3/10,13/0/2,2/3/3,5/6/2,1/4/2,2/6/1,9/4/9,0/3/2,3/4/6,5/1/3,6/3/10,2/3/0,9/2/11,5/7/0,4/3/4,5/5/1,5/1/3,6/2/3,1/0/4,4/6/4,0/5/2,3/5/0,8/2/4,6/14/6,6/7/5,4/6/4,
AverageChampDamage: 8094,10075,19641,11703,8240,15533,11997,8394,16018,8433,13905,4315,26564,24504,21165,15150,13987,22303,7792,12450,10774,11975,17082,8047,18902,9594,15996,5311,23886,12568,9095,13161,12183,13779,4660,14995,6127,6234,11498,17145,17044,14362,
AverageRelativeChampDamage: 27,20,28,17,19,19,20,27,18,19,30,16,32,28,31,23,23,28,15,17,19,20,19,27,19,27,30,23,28,28,17,29,26,20,11,35,17,17,33,20,33,18,
AverageTotalDamage: 50416,143851,156931,141343,78951,149476,114775,86441,120871,123704,74583,66379,199982,189720,158969,110664,85772,207221,94187,121932,111651,120650,124381,72056,219862,94887,135866,50892,159421,86000,116158,76039,91094,131131,64676,98941,40906,48585,71333,123708,136031,111537,
AverageRelativeTotalDamage: 20,26,27,26,24,25,27,24,22,27,23,28,31,31,28,25,19,35,28,23,25,26,22,26,23,23,27,25,25,24,22,21,33,23,19,24,18,18,22,21,32,20,
AverageGold: 6429,10960,13031,10800,8184,12184,10946,7761,11711,9911,8898,6104,15679,15004,14088,10427,11576,15732,8109,10358,8740,10357,12997,6409,15003,8892,12481,5700,13891,8595,10041,8321,8935,11202,7131,9630,5272,6422,8937,11631,11103,9824,
AverageRelativeGold: 19,21,23,21,22,20,22,19,20,22,21,21,25,24,23,22,21,26,21,20,20,21,21,21,20,22,22,21,23,22,19,23,23,20,18,21,18,19,23,20,24,20,
===ITEM====
ItemID: 3146,
Name: Hextech Gunblade,
Wins: 9,
Games: 10,
KDA: 18/5/9,6/3/9,11/1/8,12/5/17,11/7/12,7/1/16,16/8/13,8/5/10,15/8/10,6/6/10,
AverageChampDamage: 56013,15172,24504,52280,48504,20536,66983,24345,67649,14161,
AverageRelativeChampDamage: 36,18,28,29,28,21,26,21,34,13,
AverageTotalDamage: 277670,224717,189720,382373,344869,207702,369417,188471,364693,91424,
AverageRelativeTotalDamage: 35,26,31,34,34,31,26,23,29,13,
AverageGold: 19658,15335,15004,22279,21278,15693,24441,15339,21986,12235,
AverageRelativeGold: 25,22,24,24,23,23,22,20,24,17,
===ITEM====
ItemID: 3116,
Name: Rylai's Crystal Scepter,
Wins: 50,
Games: 78,
KDA: 18/5/9,8/3/10,10/2/7,5/9/4,5/2/7,4/3/5,9/8/9,6/2/9,10/11/7,6/3/9,11/14/5,11/1/7,10/1/16,15/4/12,12/5/2,4/6/6,8/7/8,12/5/8,12/5/17,10/5/6,9/7/27,10/9/9,11/7/12,9/2/7,11/5/18,15/7/14,8/3/5,7/1/16,13/0/2,8/7/12,8/13/12,4/9/8,13/4/4,2/4/8,9/5/8,3/3/9,6/3/18,16/8/13,9/4/9,4/7/12,9/7/16,8/1/11,4/5/5,5/7/17,3/4/6,2/7/9,7/8/9,8/3/7,14/3/10,12/8/17,8/5/10,7/5/7,8/2/10,3/7/5,4/3/4,7/12/9,6/5/14,7/10/5,4/7/10,7/3/11,6/10/1,6/9/11,4/6/14,10/0/7,6/8/23,11/5/7,8/8/15,8/10/9,7/5/10,6/14/6,8/1/6,7/5/7,10/4/10,6/5/9,6/7/5,13/2/6,3/7/4,14/6/5,
AverageChampDamage: 56013,19641,23353,20053,13189,11703,41166,28188,19846,15172,30452,35983,37776,37147,17696,22119,21391,27593,52280,22213,31054,43776,48504,21165,29772,61887,12507,20536,22303,25850,51135,20893,37144,26438,22574,19496,36554,66983,17082,18354,36752,17812,9547,15857,18902,17577,21900,19077,33123,38214,24345,21532,22563,26553,9095,31095,18235,18450,29212,30780,15509,18837,20390,18891,28143,34231,39801,20879,21430,17145,17505,23766,21016,21927,17044,24518,18088,30583,
AverageRelativeChampDamage: 36,28,33,22,12,17,30,26,19,18,20,35,29,30,24,27,23,28,29,32,23,24,28,31,32,38,19,21,28,22,24,28,26,24,25,22,27,26,19,13,24,21,15,14,19,17,16,20,33,23,21,26,27,30,17,27,16,22,19,23,15,19,21,28,24,24,24,20,21,20,22,31,19,23,33,34,18,26,
AverageTotalDamage: 277670,156931,175256,156465,223595,141343,258075,210790,178780,224717,284406,244164,255437,207691,146383,143950,226123,197955,382373,156591,137876,318651,344869,158969,180164,319027,127435,207702,207221,159198,315192,136803,298349,158488,125488,239119,216029,369417,124381,170336,174720,204925,189324,161492,219862,155837,212647,213504,197115,290010,188471,175887,176781,192457,116158,201045,149643,122409,331681,247150,136009,153923,108996,181989,153119,201961,153116,138754,145322,123708,171748,106355,156096,230729,136031,185992,168538,207446,
AverageRelativeTotalDamage: 35,27,34,28,24,26,31,28,24,26,28,33,27,25,23,26,29,29,34,28,19,30,34,28,28,31,23,31,35,20,24,30,40,24,21,31,26,26,22,20,22,25,26,23,23,23,25,28,29,26,23,27,29,31,22,25,22,27,31,31,19,20,16,28,26,21,17,25,23,21,23,22,21,31,32,32,22,27,
AverageGold: 19658,13031,13840,10986,16064,10800,17888,14146,15178,15335,19510,16494,18361,17800,14272,11703,16198,17008,22279,14195,15686,19140,21278,14088,15989,20876,12411,15693,15732,14807,20569,12014,19504,11603,12758,14810,16007,24441,12997,13893,15922,15900,12821,13951,15003,12588,15598,15194,16735,20678,15339,13411,13698,12882,10041,14885,14006,11079,18683,17269,13284,13919,12065,14672,14074,17239,15645,12519,13970,11631,13893,10902,14961,15714,11103,15255,12841,17150,
AverageRelativeGold: 25,23,25,0,21,21,23,21,22,22,22,24,23,24,22,21,22,23,24,24,20,22,23,23,23,24,23,23,26,20,20,22,27,0,20,22,21,22,21,18,19,21,21,20,20,20,20,22,25,21,20,22,23,23,19,22,19,20,22,22,19,21,18,22,21,21,18,21,21,20,21,21,21,23,24,25,20,23,
===ITEM====
ItemID: 3364,
Name: Oracle Alteration,
Wins: 7,
Games: 10,
KDA: 18/5/9,11/14/5,4/4/6,9/2/6,10/5/6,11/7/12,15/7/14,11/4/13,11/5/7,8/10/9,
AverageChampDamage: 56013,30452,15533,16018,22213,48504,61887,35817,34231,20879,
AverageRelativeChampDamage: 36,20,19,18,32,28,38,32,24,20,
AverageTotalDamage: 277670,284406,149476,120871,156591,344869,319027,212222,201961,138754,
AverageRelativeTotalDamage: 35,28,25,22,28,34,31,28,21,25,
AverageGold: 19658,19510,12184,11711,14195,21278,20876,16818,17239,12519,
AverageRelativeGold: 25,22,20,20,24,23,24,24,21,21,
===ITEM====
ItemID: 1052,
Name: Amplifying Tome,
Wins: 14,
Games: 25,
KDA: 3/2/8,6/5/3,4/4/6,8/1/4,9/2/6,12/5/2,3/8/5,1/5/2,1/4/4,3/0/4,5/3/4,5/3/8,5/6/2,8/1/11,0/3/2,2/2/6,8/3/7,6/4/4,11/7/9,12/2/15,5/12/8,6/10/1,4/6/4,12/2/7,1/6/5,
AverageChampDamage: 10075,12973,15533,11997,16018,17696,27771,8997,8462,8528,11324,16178,12450,17812,8047,15971,19077,19013,24971,24740,20705,15509,14995,18485,8982,
AverageRelativeChampDamage: 20,19,19,20,18,24,24,24,22,9,21,20,17,21,27,14,20,27,22,26,25,15,35,29,25,
AverageTotalDamage: 143851,124407,149476,114775,120871,146383,202207,144994,114066,152286,103469,144859,121932,204925,72056,139247,213504,148674,166603,170950,152062,136009,98941,117395,76002,
AverageRelativeTotalDamage: 26,25,25,27,22,23,26,30,27,22,25,24,23,25,26,21,28,25,22,27,26,19,24,26,22,
AverageGold: 10960,11200,12184,10946,11711,14272,13245,10958,8744,12112,9901,12604,10358,15900,6409,11799,15194,12030,15346,14604,11559,13284,9630,12453,7509,
AverageRelativeGold: 21,22,20,22,20,22,0,23,0,19,22,21,20,21,21,18,22,22,20,23,20,19,21,23,19,
===ITEM====
ItemID: 1028,
Name: Ruby Crystal,
Wins: 1,
Games: 3,
KDA: 3/2/8,4/6/4,4/6/4,
AverageChampDamage: 10075,14995,14362,
AverageRelativeChampDamage: 20,35,18,
AverageTotalDamage: 143851,98941,111537,
AverageRelativeTotalDamage: 26,24,20,
AverageGold: 10960,9630,9824,
AverageRelativeGold: 21,21,20,
===ITEM====
ItemID: 1043,
Name: Recurve Bow,
Wins: 11,
Games: 19,
KDA: 10/2/7,8/3/5,6/3/18,4/7/12,9/7/16,5/1/3,7/5/7,8/2/10,3/7/5,9/2/11,4/7/9,7/12/9,6/5/14,6/2/3,1/0/4,6/9/11,8/10/9,8/1/6,7/5/7,
AverageChampDamage: 23353,12507,36554,18354,36752,9594,21532,22563,26553,23886,14413,31095,18235,13779,4660,18837,20879,17505,23766,
AverageRelativeChampDamage: 33,19,27,13,24,27,26,27,30,28,20,27,16,20,11,19,20,22,31,
AverageTotalDamage: 175256,127435,216029,170336,174720,94887,175887,176781,192457,159421,99650,201045,149643,131131,64676,153923,138754,171748,106355,
AverageRelativeTotalDamage: 34,23,26,20,22,23,27,29,31,25,22,25,22,23,19,20,25,23,22,
AverageGold: 13840,12411,16007,13893,15922,8892,13411,13698,12882,13891,9551,14885,14006,11202,7131,13919,12519,13893,10902,
AverageRelativeGold: 25,23,21,18,19,22,22,23,23,23,21,22,19,20,18,21,21,21,21,
===ITEM====
ItemID: 1042,
Name: Dagger,
Wins: 8,
Games: 17,
KDA: 10/2/7,4/7/12,2/5/4,0/3/2,5/1/3,7/5/7,8/2/10,3/7/5,2/3/0,5/7/0,4/3/4,2/6/5,5/5/1,1/0/4,4/6/14,3/5/0,8/2/4,
AverageChampDamage: 23353,18354,11080,8047,9594,21532,22563,26553,5311,12568,9095,11359,13161,4660,20390,6234,11498,
AverageRelativeChampDamage: 33,13,15,27,27,26,27,30,23,28,17,22,29,11,21,17,33,
AverageTotalDamage: 175256,170336,144356,72056,94887,175887,176781,192457,50892,86000,116158,116533,76039,64676,108996,48585,71333,
AverageRelativeTotalDamage: 34,20,25,26,23,27,29,31,25,24,22,24,21,19,16,18,22,
AverageGold: 13840,13893,11596,6409,8892,13411,13698,12882,5700,8595,10041,9759,8321,7131,12065,6422,8937,
AverageRelativeGold: 25,18,21,21,22,22,23,23,21,22,19,21,23,18,18,19,23,
===ITEM====
ItemID: 1300,
Name: Enchantment: Furor,
Wins: 6,
Games: 7,
KDA: 6/2/9,11/1/7,12/5/2,12/5/17,11/7/12,11/5/18,15/7/14,
AverageChampDamage: 28188,35983,17696,52280,48504,29772,61887,
AverageRelativeChampDamage: 26,35,24,29,28,32,38,
AverageTotalDamage: 210790,244164,146383,382373,344869,180164,319027,
AverageRelativeTotalDamage: 28,33,23,34,34,28,31,
AverageGold: 14146,16494,14272,22279,21278,15989,20876,
AverageRelativeGold: 21,24,22,24,23,23,24,
===ITEM====
ItemID: 3123,
Name: Executioner's Calling,
Wins: 5,
Games: 7,
KDA: 6/2/9,3/3/9,7/8/9,6/5/11,3/5/0,11/5/7,1/6/5,
AverageChampDamage: 28188,19496,21900,16718,6234,34231,8982,
AverageRelativeChampDamage: 26,22,16,15,17,24,25,
AverageTotalDamage: 210790,239119,212647,119735,48585,201961,76002,
AverageRelativeTotalDamage: 28,31,25,16,18,21,22,
AverageGold: 14146,14810,15598,13392,6422,17239,7509,
AverageRelativeGold: 21,22,20,18,19,21,19,
===ITEM====
ItemID: 3363,
Name: Farsight Alteration,
Wins: 8,
Games: 14,
KDA: 6/2/9,10/11/7,12/5/2,4/6/6,7/2/13,8/7/8,13/4/4,3/4/6,14/3/10,10/7/9,7/12/9,6/5/14,3/6/13,6/9/11,
AverageChampDamage: 28188,19846,17696,22119,15443,21391,37144,18902,33123,27314,31095,18235,15095,18837,
AverageRelativeChampDamage: 26,19,24,27,19,23,26,19,33,29,27,16,16,19,
AverageTotalDamage: 210790,178780,146383,143950,168322,226123,298349,219862,197115,178470,201045,149643,173772,153923,
AverageRelativeTotalDamage: 28,24,23,26,27,29,40,23,29,28,25,22,21,20,
AverageGold: 14146,15178,14272,11703,13281,16198,19504,15003,16735,14863,14885,14006,14142,13919,
AverageRelativeGold: 21,22,22,21,21,22,27,20,25,24,22,19,19,21,
===ITEM====
ItemID: 1301,
Name: Enchantment: Alacrity,
Wins: 0,
Games: 2,
KDA: 10/11/7,11/14/5,
AverageChampDamage: 19846,30452,
AverageRelativeChampDamage: 19,20,
AverageTotalDamage: 178780,284406,
AverageRelativeTotalDamage: 24,28,
AverageGold: 15178,19510,
AverageRelativeGold: 22,22,
===ITEM====
ItemID: 2043,
Name: Vision Ward,
Wins: 4,
Games: 7,
KDA: 5/1/3,8/1/4,3/5/9,1/4/2,5/1/3,7/10/5,8/10/9,
AverageChampDamage: 8240,11997,8187,10774,12183,18450,20879,
AverageRelativeChampDamage: 19,20,10,19,26,22,20,
AverageTotalDamage: 78951,114775,135859,111651,91094,122409,138754,
AverageRelativeTotalDamage: 24,27,19,25,33,27,25,
AverageGold: 8184,10946,12487,8740,8935,11079,12519,
AverageRelativeGold: 22,22,19,20,23,20,21,
===ITEM====
ItemID: 2003,
Name: Health Potion,
Wins: 1,
Games: 1,
KDA: 5/1/3,
AverageChampDamage: 8240,
AverageRelativeChampDamage: 19,
AverageTotalDamage: 78951,
AverageRelativeTotalDamage: 24,
AverageGold: 8184,
AverageRelativeGold: 22,
===ITEM====
ItemID: 1011,
Name: Giant's Belt,
Wins: 8,
Games: 15,
KDA: 6/5/3,7/1/11,3/5/9,1/5/2,3/0/4,11/3/10,5/3/8,5/6/2,2/5/4,2/2/6,6/4/4,11/4/13,5/12/8,12/2/7,1/6/5,
AverageChampDamage: 12973,19692,8187,8997,8528,13987,16178,12450,11080,15971,19013,35817,20705,18485,8982,
AverageRelativeChampDamage: 19,19,10,24,9,23,20,17,15,14,27,32,25,29,25,
AverageTotalDamage: 124407,271608,135859,144994,152286,85772,144859,121932,144356,139247,148674,212222,152062,117395,76002,
AverageRelativeTotalDamage: 25,39,19,30,22,19,24,23,25,21,25,28,26,26,22,
AverageGold: 11200,16354,12487,10958,12112,11576,12604,10358,11596,11799,12030,16818,11559,12453,7509,
AverageRelativeGold: 22,23,19,23,19,21,21,20,21,18,22,24,20,23,19,
===ITEM====
ItemID: 3026,
Name: Guardian Angel,
Wins: 0,
Games: 2,
KDA: 11/14/5,4/7/10,
AverageChampDamage: 30452,29212,
AverageRelativeChampDamage: 20,19,
AverageTotalDamage: 284406,331681,
AverageRelativeTotalDamage: 28,31,
AverageGold: 19510,18683,
AverageRelativeGold: 22,22,
===ITEM====
ItemID: 3135,
Name: Void Staff,
Wins: 5,
Games: 9,
KDA: 11/1/7,11/7/12,15/7/14,16/8/13,8/1/11,14/3/10,15/8/10,6/8/23,6/5/9,
AverageChampDamage: 35983,48504,61887,66983,17812,33123,67649,28143,21927,
AverageRelativeChampDamage: 35,28,38,26,21,33,34,24,23,
AverageTotalDamage: 244164,344869,319027,369417,204925,197115,364693,153119,230729,
AverageRelativeTotalDamage: 33,34,31,26,25,29,29,26,31,
AverageGold: 16494,21278,20876,24441,15900,16735,21986,14074,15714,
AverageRelativeGold: 24,23,24,22,21,25,24,21,23,
===ITEM====
ItemID: 1058,
Name: Needlessly Large Rod,
Wins: 13,
Games: 18,
KDA: 4/4/6,9/2/6,7/1/11,3/5/9,3/8/5,11/5/18,7/3/2,1/5/2,3/0/4,5/3/8,2/5/4,5/7/17,2/2/6,6/3/10,11/7/9,5/12/8,12/2/7,4/6/4,
AverageChampDamage: 15533,16018,19692,8187,27771,29772,11822,8997,8528,16178,11080,15857,15971,15996,24971,20705,18485,14362,
AverageRelativeChampDamage: 19,18,19,10,24,32,23,24,9,20,15,14,14,30,22,25,29,18,
AverageTotalDamage: 149476,120871,271608,135859,202207,180164,118560,144994,152286,144859,144356,161492,139247,135866,166603,152062,117395,111537,
AverageRelativeTotalDamage: 25,22,39,19,26,28,28,30,22,24,25,23,21,27,22,26,26,20,
AverageGold: 12184,11711,16354,12487,13245,15989,10977,10958,12112,12604,11596,13951,11799,12481,15346,11559,12453,9824,
AverageRelativeGold: 20,20,23,19,0,23,22,23,19,21,21,20,18,22,20,20,23,20,
===ITEM====
ItemID: 3145,
Name: Hextech Revolver,
Wins: 3,
Games: 3,
KDA: 10/1/16,14/3/10,10/4/10,
AverageChampDamage: 37776,33123,21016,
AverageRelativeChampDamage: 29,33,19,
AverageTotalDamage: 255437,197115,156096,
AverageRelativeTotalDamage: 27,29,21,
AverageGold: 18361,16735,14961,
AverageRelativeGold: 23,25,21,
===ITEM====
ItemID: 3089,
Name: Rabadon's Deathcap,
Wins: 2,
Games: 2,
KDA: 15/4/12,13/1/4,
AverageChampDamage: 37147,26564,
AverageRelativeChampDamage: 30,32,
AverageTotalDamage: 207691,199982,
AverageRelativeTotalDamage: 25,31,
AverageGold: 17800,15679,
AverageRelativeGold: 24,25,
===ITEM====
ItemID: 1037,
Name: Pickaxe,
Wins: 0,
Games: 2,
KDA: 2/6/6,13/4/4,
AverageChampDamage: 8433,37144,
AverageRelativeChampDamage: 19,26,
AverageTotalDamage: 123704,298349,
AverageRelativeTotalDamage: 27,40,
AverageGold: 9911,19504,
AverageRelativeGold: 22,27,
===ITEM====
ItemID: 3108,
Name: Fiendish Codex,
Wins: 0,
Games: 1,
KDA: 1/4/0,
AverageChampDamage: 4315,
AverageRelativeChampDamage: 16,
AverageTotalDamage: 66379,
AverageRelativeTotalDamage: 28,
AverageGold: 6104,
AverageRelativeGold: 21,
===ITEM====
ItemID: 3101,
Name: Stinger,
Wins: 0,
Games: 1,
KDA: 1/4/0,
AverageChampDamage: 4315,
AverageRelativeChampDamage: 16,
AverageTotalDamage: 66379,
AverageRelativeTotalDamage: 28,
AverageGold: 6104,
AverageRelativeGold: 21,
===ITEM====
ItemID: 3151,
Name: Liandry's Torment,
Wins: 1,
Games: 1,
KDA: 9/7/27,
AverageChampDamage: 31054,
AverageRelativeChampDamage: 23,
AverageTotalDamage: 137876,
AverageRelativeTotalDamage: 19,
AverageGold: 15686,
AverageRelativeGold: 20,
===ITEM====
ItemID: 3001,
Name: Abyssal Scepter,
Wins: 0,
Games: 1,
KDA: 3/8/5,
AverageChampDamage: 27771,
AverageRelativeChampDamage: 24,
AverageTotalDamage: 202207,
AverageRelativeTotalDamage: 26,
AverageGold: 13245,
AverageRelativeGold: 0,
===ITEM====
ItemID: 1001,
Name: Boots of Speed,
Wins: 3,
Games: 8,
KDA: 11/3/10,2/5/4,0/3/2,5/1/3,2/3/0,2/6/5,3/5/0,8/2/4,
AverageChampDamage: 13987,11080,8047,9594,5311,11359,6234,11498,
AverageRelativeChampDamage: 23,15,27,27,23,22,17,33,
AverageTotalDamage: 85772,144356,72056,94887,50892,116533,48585,71333,
AverageRelativeTotalDamage: 19,25,26,23,25,24,18,22,
AverageGold: 11576,11596,6409,8892,5700,9759,6422,8937,
AverageRelativeGold: 21,21,21,22,21,21,19,23,
===ITEM====
ItemID: 3009,
Name: Boots of Swiftness,
Wins: 5,
Games: 9,
KDA: 8/13/12,1/4/2,9/7/16,4/3/4,3/6/13,6/9/11,4/6/14,6/7/5,4/6/4,
AverageChampDamage: 51135,10774,36752,9095,15095,18837,20390,17044,14362,
AverageRelativeChampDamage: 24,19,24,17,16,19,21,33,18,
AverageTotalDamage: 315192,111651,174720,116158,173772,153923,108996,136031,111537,
AverageRelativeTotalDamage: 24,25,22,22,21,20,16,32,20,
AverageGold: 20569,8740,15922,10041,14142,13919,12065,11103,9824,
AverageRelativeGold: 20,20,19,19,19,21,18,24,20,
===ITEM====
ItemID: 3031,
Name: Infinity Edge,
Wins: 1,
Games: 1,
KDA: 8/13/12,
AverageChampDamage: 51135,
AverageRelativeChampDamage: 24,
AverageTotalDamage: 315192,
AverageRelativeTotalDamage: 24,
AverageGold: 20569,
AverageRelativeGold: 20,
===ITEM====
ItemID: 3046,
Name: Phantom Dancer,
Wins: 1,
Games: 2,
KDA: 8/13/12,13/4/4,
AverageChampDamage: 51135,37144,
AverageRelativeChampDamage: 24,26,
AverageTotalDamage: 315192,298349,
AverageRelativeTotalDamage: 24,40,
AverageGold: 20569,19504,
AverageRelativeGold: 20,27,
===ITEM====
ItemID: 3153,
Name: Blade of the Ruined King,
Wins: 4,
Games: 5,
KDA: 2/4/8,6/3/18,9/4/9,9/7/16,2/2/6,
AverageChampDamage: 26438,36554,17082,36752,15971,
AverageRelativeChampDamage: 24,27,19,24,14,
AverageTotalDamage: 158488,216029,124381,174720,139247,
AverageRelativeTotalDamage: 24,26,22,22,21,
AverageGold: 11603,16007,12997,15922,11799,
AverageRelativeGold: 0,21,21,19,18,
===ITEM====
ItemID: 3047,
Name: Ninja Tabi,
Wins: 0,
Games: 1,
KDA: 2/6/1,
AverageChampDamage: 11975,
AverageRelativeChampDamage: 20,
AverageTotalDamage: 120650,
AverageRelativeTotalDamage: 26,
AverageGold: 10357,
AverageRelativeGold: 21,
===ITEM====
ItemID: 1031,
Name: Chain Vest,
Wins: 0,
Games: 1,
KDA: 2/6/1,
AverageChampDamage: 11975,
AverageRelativeChampDamage: 20,
AverageTotalDamage: 120650,
AverageRelativeTotalDamage: 26,
AverageGold: 10357,
AverageRelativeGold: 21,
===ITEM====
ItemID: 1029,
Name: Cloth Armor,
Wins: 0,
Games: 1,
KDA: 2/6/1,
AverageChampDamage: 11975,
AverageRelativeChampDamage: 20,
AverageTotalDamage: 120650,
AverageRelativeTotalDamage: 26,
AverageGold: 10357,
AverageRelativeGold: 21,
===ITEM====
ItemID: 3144,
Name: Bilgewater Cutlass,
Wins: 3,
Games: 3,
KDA: 7/8/9,12/2/15,10/4/10,
AverageChampDamage: 21900,24740,21016,
AverageRelativeChampDamage: 16,26,19,
AverageTotalDamage: 212647,170950,156096,
AverageRelativeTotalDamage: 25,27,21,
AverageGold: 15598,14604,14961,
AverageRelativeGold: 20,23,21,
===ITEM====
ItemID: 3102,
Name: Banshee's Veil,
Wins: 1,
Games: 1,
KDA: 12/8/17,
AverageChampDamage: 38214,
AverageRelativeChampDamage: 23,
AverageTotalDamage: 290010,
AverageRelativeTotalDamage: 26,
AverageGold: 20678,
AverageRelativeGold: 21,
===ITEM====
ItemID: 3078,
Name: Trinity Force,
Wins: 2,
Games: 4,
KDA: 11/7/9,4/7/9,16/2/11,4/6/4,
AverageChampDamage: 24971,14413,18627,14995,
AverageRelativeChampDamage: 22,20,28,35,
AverageTotalDamage: 166603,99650,110803,98941,
AverageRelativeTotalDamage: 22,22,25,24,
AverageGold: 15346,9551,13100,9630,
AverageRelativeGold: 20,21,24,21,
===ITEM====
ItemID: 3512,
Name: Zz'Rot Portal,
Wins: 0,
Games: 1,
KDA: 10/7/9,
AverageChampDamage: 27314,
AverageRelativeChampDamage: 29,
AverageTotalDamage: 178470,
AverageRelativeTotalDamage: 28,
AverageGold: 14863,
AverageRelativeGold: 24,
===ITEM====
ItemID: 3035,
Name: Last Whisper,
Wins: 1,
Games: 1,
KDA: 6/5/11,
AverageChampDamage: 16718,
AverageRelativeChampDamage: 15,
AverageTotalDamage: 119735,
AverageRelativeTotalDamage: 16,
AverageGold: 13392,
AverageRelativeGold: 18,
===ITEM====
ItemID: 1057,
Name: Negatron Cloak,
Wins: 2,
Games: 2,
KDA: 1/0/4,3/6/13,
AverageChampDamage: 4660,15095,
AverageRelativeChampDamage: 11,16,
AverageTotalDamage: 64676,173772,
AverageRelativeTotalDamage: 19,21,
AverageGold: 7131,14142,
AverageRelativeGold: 18,19,
===ITEM====
ItemID: 2053,
Name: Raptor Cloak,
Wins: 1,
Games: 1,
KDA: 3/6/13,
AverageChampDamage: 15095,
AverageRelativeChampDamage: 16,
AverageTotalDamage: 173772,
AverageRelativeTotalDamage: 21,
AverageGold: 14142,
AverageRelativeGold: 19,
===ITEM====
ItemID: 1033,
Name: Null-Magic Mantle,
Wins: 0,
Games: 1,
KDA: 3/5/0,
AverageChampDamage: 6234,
AverageRelativeChampDamage: 17,
AverageTotalDamage: 48585,
AverageRelativeTotalDamage: 18,
AverageGold: 6422,
AverageRelativeGold: 19,
===ITEM====
ItemID: 3100,
Name: Lich Bane,
Wins: 1,
Games: 1,
KDA: 6/6/10,
AverageChampDamage: 14161,
AverageRelativeChampDamage: 13,
AverageTotalDamage: 91424,
AverageRelativeTotalDamage: 13,
AverageGold: 12235,
AverageRelativeGold: 17,
===ITEM====
ItemID: 3140,
Name: Quicksilver Sash,
Wins: 0,
Games: 1,
KDA: 6/5/9,
AverageChampDamage: 21927,
AverageRelativeChampDamage: 23,
AverageTotalDamage: 230729,
AverageRelativeTotalDamage: 31,
AverageGold: 15714,
AverageRelativeGold: 23,
===ITEM====
ItemID: 3111,
Name: Mercury's Treads,
Wins: 0,
Games: 1,
KDA: 1/6/5,
AverageChampDamage: 8982,
AverageRelativeChampDamage: 25,
AverageTotalDamage: 76002,
AverageRelativeTotalDamage: 22,
AverageGold: 7509,
AverageRelativeGold: 19,
