34
Anivia,
Victories: 92,
Matches: 186,
KDA: 0/6/11,3/4/24,1/3/7,3/5/8,3/0/9,4/1/11,8/0/10,3/5/9,8/0/3,7/1/3,6/3/5,6/3/11,5/5/6,13/0/9,16/2/14,6/1/4,5/5/14,2/4/3,3/0/10,4/6/2,4/3/14,4/2/8,6/4/8,5/1/2,6/1/14,5/5/10,5/2/10,5/5/6,0/1/3,8/0/7,9/3/14,2/4/5,2/7/2,5/1/9,0/4/8,1/10/13,8/0/3,5/4/7,9/3/14,4/3/13,1/2/18,6/4/7,1/2/10,3/3/19,3/3/11,2/6/4,9/5/11,1/2/0,6/4/7,5/3/12,6/0/7,11/6/11,2/3/5,0/7/4,2/3/7,2/4/10,2/5/11,8/1/10,2/2/12,8/1/7,4/3/12,19/5/15,6/3/8,10/1/9,9/3/6,1/5/7,13/2/21,7/1/7,3/6/11,0/0/3,1/4/5,9/3/6,5/7/5,3/3/24,3/3/12,3/7/10,4/4/1,7/8/21,8/9/23,6/2/10,15/2/15,1/3/9,9/1/3,5/8/15,6/3/13,8/5/6,6/11/22,14/1/15,8/1/10,5/6/8,8/4/13,2/4/21,1/0/1,2/1/10,12/3/12,15/3/10,10/1/9,16/0/15,5/5/6,13/4/17,7/3/14,9/2/20,2/4/12,9/8/2,5/8/8,3/7/7,5/5/16,0/2/14,8/3/22,6/2/10,2/3/3,4/3/18,6/4/11,6/2/15,1/7/8,4/3/10,3/7/13,7/4/7,6/3/8,5/4/5,12/7/7,4/4/3,0/8/8,6/6/6,13/5/15,3/2/6,5/3/6,7/1/4,7/3/7,3/5/8,8/4/3,11/3/6,5/3/5,4/7/10,8/3/3,8/4/13,14/2/8,6/2/1,8/6/5,8/2/16,6/9/14,2/5/2,7/0/6,4/3/6,4/3/9,7/5/6,10/0/5,2/6/1,8/1/8,1/1/2,0/0/0,12/8/13,4/11/9,6/2/18,3/6/6,6/3/12,20/1/7,4/4/19,10/6/12,3/3/3,8/6/16,6/6/17,4/3/9,6/7/7,5/2/14,4/6/0,3/7/9,12/3/9,10/6/2,4/1/10,3/5/4,13/3/17,6/2/13,5/3/14,5/6/2,2/5/1,5/8/12,10/3/17,9/2/9,9/6/9,4/6/4,4/4/6,10/0/6,5/0/9,3/0/6,7/6/7,
AverageChampDamage: 14460,23046,12309,18638,14080,9939,22260,22388,17026,12495,13912,18981,25834,20056,45817,12298,21075,13428,20837,18606,29263,27530,28555,20090,45180,29218,22723,17837,6114,14445,33316,16971,17892,11591,14360,17000,8418,25876,30553,17649,14562,27468,11868,15367,11052,10868,26735,6836,33507,20948,28403,45093,15400,12559,9956,30137,19241,13582,13376,15998,12826,57386,34222,25533,33746,9887,46954,19996,21123,6979,10244,21572,27774,35684,16172,12376,13025,53082,25244,19960,47437,25833,16674,21699,16575,24125,26625,26852,17879,18905,27129,21260,7432,13296,54793,27049,27865,35702,17701,51031,18070,22530,36624,28926,26025,35601,32470,13273,36126,16654,12282,20720,38856,19206,13221,13735,21355,27441,35138,36747,37581,14934,13608,14668,36745,30847,20286,21918,26866,18862,13567,32443,15098,25768,28975,33833,40494,16868,21433,25309,14573,7074,12238,30648,16891,19015,18317,15311,20971,8396,380,64515,21733,69615,44957,26635,25596,30298,33658,11161,39907,31536,15627,23332,23130,11744,25790,34774,30965,26782,11303,50663,30709,25190,13682,15215,31745,47686,35941,41570,17534,14426,26930,13477,11884,35012,
AverageRelativeChampDamage: 16,14,16,17,19,18,25,24,41,25,23,21,33,27,35,24,22,25,28,29,27,31,34,43,30,20,25,34,13,26,28,22,22,16,24,16,19,20,37,26,13,26,22,17,13,19,37,19,21,15,29,32,24,12,11,23,12,16,17,21,20,33,39,36,28,19,23,30,21,17,30,23,31,16,17,23,25,19,20,17,29,27,28,21,26,28,16,38,18,23,27,18,22,19,30,29,30,35,22,41,19,25,29,28,26,29,21,20,28,20,28,18,31,19,21,21,19,32,33,31,33,29,11,21,23,36,21,27,26,24,24,27,17,19,30,24,36,22,25,21,17,22,16,24,15,23,27,23,21,21,56,29,26,34,25,30,42,22,32,26,18,23,24,31,24,29,28,27,28,27,29,34,20,26,28,25,26,33,27,31,25,19,26,20,21,29,
AverageTotalDamage: 69609,103090,57730,65742,51893,26244,145102,169565,100128,98829,89895,130674,171359,129985,244724,103582,130034,173176,136129,93074,186315,165490,204259,109935,310430,264541,146193,124498,72294,83826,196436,137091,71442,48888,42524,53811,72957,201796,174188,51619,67943,222113,35055,39238,35421,138920,170684,41657,242362,114946,276536,298515,110627,40932,43573,228804,106087,49720,55422,92601,136989,387786,256695,150572,213887,23821,198414,97083,91545,25560,59182,115153,150220,187002,151833,48609,90427,439451,101416,203873,271683,61750,139587,50615,45043,187438,108857,119266,99843,58294,94632,114919,82783,62373,500873,147854,177802,223899,70409,314838,85564,117870,153336,210356,162800,199418,192967,36725,82537,61277,47136,102975,327766,103740,101468,31870,95637,154183,254853,337424,196242,112846,53943,55727,249331,156883,211790,169145,172824,122829,71665,237602,63707,73228,169482,228589,229969,123271,145407,124858,67115,20271,62528,180421,122423,194610,102683,125493,118789,63646,1806,294912,142372,395773,272440,109801,88087,179961,205906,66107,312591,186171,87008,190212,133402,74686,96905,200000,152730,145659,82388,333397,176322,155835,85483,115054,254707,235197,235030,301423,111367,115887,152812,67012,94686,217986,
AverageRelativeTotalDamage: 11,10,11,10,8,7,26,26,25,21,22,19,29,26,33,23,21,29,27,16,25,28,30,32,29,27,20,26,23,24,23,20,11,9,8,7,23,21,30,14,9,32,9,8,5,27,37,14,25,12,38,27,21,6,7,25,8,8,9,16,24,33,34,28,25,8,17,16,15,8,27,21,25,17,22,13,23,25,12,26,32,12,25,9,11,27,11,24,14,9,13,13,32,11,35,26,28,33,13,34,12,16,17,26,25,23,21,8,15,10,10,13,30,15,23,6,11,25,34,34,32,27,6,13,28,30,28,29,27,27,20,28,9,11,24,30,29,25,27,17,15,7,13,23,15,23,24,27,19,16,12,25,25,26,25,24,24,22,25,23,26,25,23,26,21,23,18,24,24,25,25,33,25,25,21,25,27,29,27,31,22,20,25,18,21,29,
AverageGold: 11083,16144,10110,10570,10804,7887,12504,12305,9728,9847,9747,12605,14057,13460,20979,11488,12997,11607,10879,9255,13514,12286,14396,9767,18615,17709,13504,11079,7217,9949,15831,11607,9443,9940,8718,11753,8740,14941,14651,8878,12552,13238,7207,10240,9772,10743,13838,5769,16191,14396,16212,19587,9357,8697,9599,16505,15162,11904,10335,11840,12258,22806,16096,12924,15910,6667,20013,12308,10648,5686,5815,12019,12375,18465,13066,8359,8450,26608,16842,15116,19956,9766,12900,11387,9687,14354,16675,13921,13207,10691,15206,14463,7280,10682,25210,14438,14514,17880,10760,19797,13840,15404,14321,14202,13569,12972,17489,8575,14613,11344,8218,13913,19048,12861,9387,9541,13700,13275,14989,17440,15806,9718,11501,9813,18560,11283,14493,12547,13204,10568,9456,18175,10618,12658,13033,16435,17235,10955,12588,14291,12378,5842,10190,12857,13540,14779,11539,9355,13013,7365,819,21501,12027,22391,16630,11857,11776,14723,16808,7302,20115,15488,8949,13065,12683,7706,9888,17694,13494,12058,8150,20825,14131,12510,8988,9272,17033,16807,16594,18200,10078,10625,13173,8415,9771,15525,
AverageRelativeGold: 18,18,17,17,18,17,21,20,21,19,19,18,23,23,26,23,19,20,19,18,20,21,23,23,22,20,19,22,19,23,21,18,18,18,18,17,22,20,22,19,18,22,17,18,15,21,25,18,21,18,26,21,18,14,15,19,16,19,18,20,20,24,24,23,21,18,21,21,18,15,0,20,21,20,19,19,21,21,19,20,23,19,23,19,20,22,19,23,19,18,20,19,21,0,25,23,23,24,19,23,19,20,20,23,20,19,21,18,20,19,0,19,22,18,18,17,18,22,23,21,25,21,16,21,22,23,21,22,21,20,22,23,18,18,21,21,23,22,23,19,19,18,19,22,19,19,22,20,19,18,20,21,20,20,19,20,26,19,22,20,19,19,20,21,19,22,19,22,22,21,21,23,20,20,21,20,20,21,21,22,20,19,21,19,20,22,
Item Data:

===ITEM====
ItemID: 3092,
Name: Frost Queen's Claim,
Wins: 29,
Games: 59,
KDA: 0/6/11,3/4/24,1/3/7,3/5/8,3/0/9,4/1/11,5/5/6,16/2/14,6/1/4,2/7/2,5/1/9,0/4/8,1/10/13,4/3/13,1/2/18,1/2/10,3/3/19,3/3/11,5/3/12,0/7/4,2/3/7,2/5/11,8/1/10,2/2/12,8/1/7,1/5/7,7/1/7,3/6/11,0/0/3,3/7/10,8/9/23,1/3/9,5/8/15,6/3/13,6/11/22,5/6/8,2/4/21,2/1/10,5/5/6,7/3/14,9/2/20,2/4/12,5/5/16,0/2/14,8/3/22,6/2/10,2/3/3,4/3/18,6/2/15,4/3/10,3/7/13,0/8/8,6/6/6,5/3/5,4/7/10,8/2/16,6/9/14,2/5/2,7/0/6,
AverageChampDamage: 14460,23046,12309,18638,14080,9939,25834,45817,12298,17892,11591,14360,17000,17649,14562,11868,15367,11052,20948,12559,9956,19241,13582,13376,15998,9887,19996,21123,6979,12376,25244,25833,21699,16575,26625,18905,21260,13296,17701,18070,22530,36624,32470,13273,36126,16654,12282,20720,19206,13735,21355,13608,14668,15098,25768,25309,14573,7074,12238,
AverageRelativeChampDamage: 16,14,16,17,19,18,33,35,24,22,16,24,16,26,13,22,17,13,15,12,11,12,16,17,21,19,30,21,17,23,20,27,21,26,16,23,18,19,22,19,25,29,21,20,28,20,28,18,19,21,19,11,21,17,19,21,17,22,16,
AverageTotalDamage: 69609,103090,57730,65742,51893,26244,171359,244724,103582,71442,48888,42524,53811,51619,67943,35055,39238,35421,114946,40932,43573,106087,49720,55422,92601,23821,97083,91545,25560,48609,101416,61750,50615,45043,108857,58294,114919,62373,70409,85564,117870,153336,192967,36725,82537,61277,47136,102975,103740,31870,95637,53943,55727,63707,73228,124858,67115,20271,62528,
AverageRelativeTotalDamage: 11,10,11,10,8,7,29,33,23,11,9,8,7,14,9,9,8,5,12,6,7,8,8,9,16,8,16,15,8,13,12,12,9,11,11,9,13,11,13,12,16,17,21,8,15,10,10,13,15,6,11,6,13,9,11,17,15,7,13,
AverageGold: 11083,16144,10110,10570,10804,7887,14057,20979,11488,9443,9940,8718,11753,8878,12552,7207,10240,9772,14396,8697,9599,15162,11904,10335,11840,6667,12308,10648,5686,8359,16842,9766,11387,9687,16675,10691,14463,10682,10760,13840,15404,14321,17489,8575,14613,11344,8218,13913,12861,9541,13700,11501,9813,10618,12658,14291,12378,5842,10190,
AverageRelativeGold: 18,18,17,17,18,17,23,26,23,18,18,18,17,19,18,17,18,15,18,14,15,16,19,18,20,18,21,18,15,19,19,19,19,20,19,18,19,0,19,19,20,20,21,18,20,19,0,19,18,17,18,16,21,18,18,19,19,18,19,
===ITEM====
ItemID: 2049,
Name: Sightstone,
Wins: 18,
Games: 41,
KDA: 0/6/11,1/3/7,3/5/8,3/0/9,2/7/2,5/1/9,0/4/8,1/10/13,4/3/13,1/2/10,3/3/19,3/3/11,0/7/4,2/3/7,2/2/12,8/1/7,1/5/7,3/6/11,3/7/10,1/3/9,5/8/15,6/3/13,5/6/8,2/4/21,2/1/10,5/5/6,7/3/14,9/2/20,2/4/12,8/3/22,6/2/10,2/3/3,4/3/18,6/2/15,3/7/13,6/6/6,5/3/5,4/7/10,8/2/16,6/9/14,2/5/2,
AverageChampDamage: 14460,12309,18638,14080,17892,11591,14360,17000,17649,11868,15367,11052,12559,9956,13376,15998,9887,21123,12376,25833,21699,16575,18905,21260,13296,17701,18070,22530,36624,36126,16654,12282,20720,19206,21355,14668,15098,25768,25309,14573,7074,
AverageRelativeChampDamage: 16,16,17,19,22,16,24,16,26,22,17,13,12,11,17,21,19,21,23,27,21,26,23,18,19,22,19,25,29,28,20,28,18,19,19,21,17,19,21,17,22,
AverageTotalDamage: 69609,57730,65742,51893,71442,48888,42524,53811,51619,35055,39238,35421,40932,43573,55422,92601,23821,91545,48609,61750,50615,45043,58294,114919,62373,70409,85564,117870,153336,82537,61277,47136,102975,103740,95637,55727,63707,73228,124858,67115,20271,
AverageRelativeTotalDamage: 11,11,10,8,11,9,8,7,14,9,8,5,6,7,9,16,8,15,13,12,9,11,9,13,11,13,12,16,17,15,10,10,13,15,11,13,9,11,17,15,7,
AverageGold: 11083,10110,10570,10804,9443,9940,8718,11753,8878,7207,10240,9772,8697,9599,10335,11840,6667,10648,8359,9766,11387,9687,10691,14463,10682,10760,13840,15404,14321,14613,11344,8218,13913,12861,13700,9813,10618,12658,14291,12378,5842,
AverageRelativeGold: 18,17,17,18,18,18,18,17,19,17,18,15,14,15,18,20,18,18,19,19,19,20,18,19,0,19,19,20,20,20,19,0,19,18,18,21,18,18,19,19,18,
===ITEM====
ItemID: 3116,
Name: Rylai's Crystal Scepter,
Wins: 3,
Games: 5,
KDA: 0/6/11,5/5/10,4/3/18,3/7/13,11/3/6,
AverageChampDamage: 14460,29218,20720,21355,32443,
AverageRelativeChampDamage: 16,20,18,19,27,
AverageTotalDamage: 69609,264541,102975,95637,237602,
AverageRelativeTotalDamage: 11,27,13,11,28,
AverageGold: 11083,17709,13913,13700,18175,
AverageRelativeGold: 18,20,19,18,23,
===ITEM====
ItemID: 3111,
Name: Mercury's Treads,
Wins: 3,
Games: 11,
KDA: 0/6/11,3/0/9,0/4/8,1/10/13,0/7/4,3/6/11,8/4/13,3/7/7,5/3/6,4/11/9,5/8/12,
AverageChampDamage: 14460,14080,14360,17000,12559,21123,27129,35601,20286,21733,31745,
AverageRelativeChampDamage: 16,19,24,16,12,21,27,29,21,26,26,
AverageTotalDamage: 69609,51893,42524,53811,40932,91545,94632,199418,211790,142372,254707,
AverageRelativeTotalDamage: 11,8,8,7,6,15,13,23,28,25,27,
AverageGold: 11083,10804,8718,11753,8697,10648,15206,12972,14493,12027,17033,
AverageRelativeGold: 18,18,18,17,14,18,20,19,21,20,20,
===ITEM====
ItemID: 3165,
Name: Morellonomicon,
Wins: 8,
Games: 18,
KDA: 0/6/11,5/1/2,1/10/13,6/3/8,2/6/1,4/11/9,6/2/18,3/6/6,6/3/12,10/6/12,3/7/9,12/3/9,10/6/2,4/1/10,13/3/17,6/2/13,10/0/6,5/0/9,
AverageChampDamage: 14460,20090,17000,34222,15311,21733,69615,44957,26635,33658,25790,34774,30965,26782,50663,30709,26930,13477,
AverageRelativeChampDamage: 16,43,16,39,23,26,34,25,30,32,28,27,28,27,34,20,26,20,
AverageTotalDamage: 69609,109935,53811,256695,125493,142372,395773,272440,109801,205906,96905,200000,152730,145659,333397,176322,152812,67012,
AverageRelativeTotalDamage: 11,32,7,34,27,25,26,25,24,25,18,24,24,25,33,25,25,18,
AverageGold: 11083,9767,11753,16096,9355,12027,22391,16630,11857,16808,9888,17694,13494,12058,20825,14131,13173,8415,
AverageRelativeGold: 18,23,17,24,20,20,20,19,20,22,19,22,22,21,23,20,21,19,
===ITEM====
ItemID: 3364,
Name: Oracle Alteration,
Wins: 28,
Games: 67,
KDA: 0/6/11,3/4/24,3/5/8,3/0/9,4/1/11,2/7/2,5/1/9,0/4/8,1/10/13,4/3/13,1/2/18,3/3/11,2/6/4,1/2/0,5/3/12,0/7/4,2/5/11,8/1/10,2/2/12,8/1/7,19/5/15,6/3/8,10/1/9,9/3/6,1/5/7,13/2/21,3/6/11,9/3/6,3/3/24,3/7/10,7/8/21,8/9/23,1/3/9,5/8/15,6/11/22,5/6/8,8/4/13,2/4/21,16/0/15,5/5/6,7/3/14,9/2/20,2/4/12,3/7/7,5/5/16,8/3/22,6/2/10,2/3/3,4/3/18,6/2/15,3/7/13,7/4/7,6/3/8,0/8/8,13/5/15,3/2/6,5/3/6,7/3/7,8/4/3,11/3/6,4/7/10,6/2/1,8/2/16,6/9/14,12/8/13,6/6/17,6/7/7,
AverageChampDamage: 14460,23046,18638,14080,9939,17892,11591,14360,17000,17649,14562,11052,10868,6836,20948,12559,19241,13582,13376,15998,57386,34222,25533,33746,9887,46954,21123,21572,35684,12376,53082,25244,25833,21699,26625,18905,27129,21260,35702,17701,18070,22530,36624,35601,32470,36126,16654,12282,20720,19206,21355,27441,35138,13608,36745,30847,20286,26866,13567,32443,25768,16868,25309,14573,64515,31536,23332,
AverageRelativeChampDamage: 16,14,17,19,18,22,16,24,16,26,13,13,19,19,15,12,12,16,17,21,33,39,36,28,19,23,21,23,16,23,19,20,27,21,16,23,27,18,35,22,19,25,29,29,21,28,20,28,18,19,19,32,33,11,23,36,21,26,24,27,19,22,21,17,29,23,31,
AverageTotalDamage: 69609,103090,65742,51893,26244,71442,48888,42524,53811,51619,67943,35421,138920,41657,114946,40932,106087,49720,55422,92601,387786,256695,150572,213887,23821,198414,91545,115153,187002,48609,439451,101416,61750,50615,108857,58294,94632,114919,223899,70409,85564,117870,153336,199418,192967,82537,61277,47136,102975,103740,95637,154183,254853,53943,249331,156883,211790,172824,71665,237602,73228,123271,124858,67115,294912,186171,190212,
AverageRelativeTotalDamage: 11,10,10,8,7,11,9,8,7,14,9,5,27,14,12,6,8,8,9,16,33,34,28,25,8,17,15,21,17,13,25,12,12,9,11,9,13,13,33,13,12,16,17,23,21,15,10,10,13,15,11,25,34,6,28,30,28,27,20,28,11,25,17,15,25,25,26,
AverageGold: 11083,16144,10570,10804,7887,9443,9940,8718,11753,8878,12552,9772,10743,5769,14396,8697,15162,11904,10335,11840,22806,16096,12924,15910,6667,20013,10648,12019,18465,8359,26608,16842,9766,11387,16675,10691,15206,14463,17880,10760,13840,15404,14321,12972,17489,14613,11344,8218,13913,12861,13700,13275,14989,11501,18560,11283,14493,13204,9456,18175,12658,10955,14291,12378,21501,15488,13065,
AverageRelativeGold: 18,18,17,18,17,18,18,18,17,19,18,15,21,18,18,14,16,19,18,20,24,24,23,21,18,21,18,20,20,19,21,19,19,19,19,18,20,19,24,19,19,20,20,19,21,20,19,0,19,18,18,22,23,16,22,23,21,21,22,23,18,22,19,19,21,19,21,
===ITEM====
ItemID: 2045,
Name: Ruby Sightstone,
Wins: 4,
Games: 12,
KDA: 3/4/24,1/2/18,5/3/12,2/5/11,8/1/10,13/2/21,3/3/24,7/8/21,8/9/23,6/11/22,5/5/16,0/8/8,
AverageChampDamage: 23046,14562,20948,19241,13582,46954,35684,53082,25244,26625,32470,13608,
AverageRelativeChampDamage: 14,13,15,12,16,23,16,19,20,16,21,11,
AverageTotalDamage: 103090,67943,114946,106087,49720,198414,187002,439451,101416,108857,192967,53943,
AverageRelativeTotalDamage: 10,9,12,8,8,17,17,25,12,11,21,6,
AverageGold: 16144,12552,14396,15162,11904,20013,18465,26608,16842,16675,17489,11501,
AverageRelativeGold: 18,18,18,16,19,21,20,21,19,19,21,16,
===ITEM====
ItemID: 3143,
Name: Randuin's Omen,
Wins: 1,
Games: 1,
KDA: 3/4/24,
AverageChampDamage: 23046,
AverageRelativeChampDamage: 14,
AverageTotalDamage: 103090,
AverageRelativeTotalDamage: 10,
AverageGold: 16144,
AverageRelativeGold: 18,
===ITEM====
ItemID: 3050,
Name: Zeke's Harbinger,
Wins: 3,
Games: 8,
KDA: 3/4/24,3/5/8,4/3/13,3/3/19,3/3/11,0/7/4,8/9/23,6/9/14,
AverageChampDamage: 23046,18638,17649,15367,11052,12559,25244,14573,
AverageRelativeChampDamage: 14,17,26,17,13,12,20,17,
AverageTotalDamage: 103090,65742,51619,39238,35421,40932,101416,67115,
AverageRelativeTotalDamage: 10,10,14,8,5,6,12,15,
AverageGold: 16144,10570,8878,10240,9772,8697,16842,12378,
AverageRelativeGold: 18,17,19,18,15,14,19,19,
===ITEM====
ItemID: 3068,
Name: Sunfire Cape,
Wins: 1,
Games: 1,
KDA: 3/4/24,
AverageChampDamage: 23046,
AverageRelativeChampDamage: 14,
AverageTotalDamage: 103090,
AverageRelativeTotalDamage: 10,
AverageGold: 16144,
AverageRelativeGold: 18,
===ITEM====
ItemID: 3047,
Name: Ninja Tabi,
Wins: 13,
Games: 30,
KDA: 3/4/24,1/3/7,3/5/8,4/1/11,6/1/14,2/7/2,5/1/9,1/2/18,1/2/10,3/3/19,3/3/11,5/3/12,2/3/5,2/3/7,2/5/11,8/1/10,2/2/12,4/3/12,1/5/7,1/3/9,2/4/12,5/8/8,2/3/3,0/8/8,3/2/6,6/2/1,2/5/2,4/4/19,6/6/17,12/3/9,
AverageChampDamage: 23046,12309,18638,9939,45180,17892,11591,14562,11868,15367,11052,20948,15400,9956,19241,13582,13376,12826,9887,25833,36624,26025,12282,13608,30847,16868,7074,30298,31536,34774,
AverageRelativeChampDamage: 14,16,17,18,30,22,16,13,22,17,13,15,24,11,12,16,17,20,19,27,29,26,28,11,36,22,22,22,23,27,
AverageTotalDamage: 103090,57730,65742,26244,310430,71442,48888,67943,35055,39238,35421,114946,110627,43573,106087,49720,55422,136989,23821,61750,153336,162800,47136,53943,156883,123271,20271,179961,186171,200000,
AverageRelativeTotalDamage: 10,11,10,7,29,11,9,9,9,8,5,12,21,7,8,8,9,24,8,12,17,25,10,6,30,25,7,22,25,24,
AverageGold: 16144,10110,10570,7887,18615,9443,9940,12552,7207,10240,9772,14396,9357,9599,15162,11904,10335,12258,6667,9766,14321,13569,8218,11501,11283,10955,5842,14723,15488,17694,
AverageRelativeGold: 18,17,17,17,22,18,18,18,17,18,15,18,18,15,16,19,18,20,18,19,20,20,0,16,23,22,18,19,19,22,
===ITEM====
ItemID: 3060,
Name: Banner of Command,
Wins: 4,
Games: 10,
KDA: 1/3/7,3/5/8,3/0/9,2/7/2,1/10/13,13/2/21,8/4/13,2/4/12,5/5/16,5/3/6,
AverageChampDamage: 12309,18638,14080,17892,17000,46954,27129,36624,32470,20286,
AverageRelativeChampDamage: 16,17,19,22,16,23,27,29,21,21,
AverageTotalDamage: 57730,65742,51893,71442,53811,198414,94632,153336,192967,211790,
AverageRelativeTotalDamage: 11,10,8,11,7,17,13,17,21,28,
AverageGold: 10110,10570,10804,9443,11753,20013,15206,14321,17489,14493,
AverageRelativeGold: 17,17,18,18,17,21,20,20,21,21,
===ITEM====
ItemID: 3024,
Name: Glacial Shroud,
Wins: 1,
Games: 9,
KDA: 1/3/7,2/7/2,0/4/8,1/2/10,2/2/12,1/5/7,2/3/3,0/8/8,2/5/2,
AverageChampDamage: 12309,17892,14360,11868,13376,9887,12282,13608,7074,
AverageRelativeChampDamage: 16,22,24,22,17,19,28,11,22,
AverageTotalDamage: 57730,71442,42524,35055,55422,23821,47136,53943,20271,
AverageRelativeTotalDamage: 11,11,8,9,9,8,10,6,7,
AverageGold: 10110,9443,8718,7207,10335,6667,8218,11501,5842,
AverageRelativeGold: 17,18,18,17,18,18,0,16,18,
===ITEM====
ItemID: 3082,
Name: Warden's Mail,
Wins: 0,
Games: 1,
KDA: 1/3/7,
AverageChampDamage: 12309,
AverageRelativeChampDamage: 16,
AverageTotalDamage: 57730,
AverageRelativeTotalDamage: 11,
AverageGold: 10110,
AverageRelativeGold: 17,
===ITEM====
ItemID: 3341,
Name: Sweeping Lens (Trinket),
Wins: 3,
Games: 5,
KDA: 1/3/7,1/2/10,3/3/19,2/3/7,0/0/3,
AverageChampDamage: 12309,11868,15367,9956,6979,
AverageRelativeChampDamage: 16,22,17,11,17,
AverageTotalDamage: 57730,35055,39238,43573,25560,
AverageRelativeTotalDamage: 11,9,8,7,8,
AverageGold: 10110,7207,10240,9599,5686,
AverageRelativeGold: 17,17,18,15,15,
===ITEM====
ItemID: 1057,
Name: Negatron Cloak,
Wins: 1,
Games: 2,
KDA: 3/0/9,3/6/11,
AverageChampDamage: 14080,21123,
AverageRelativeChampDamage: 19,21,
AverageTotalDamage: 51893,91545,
AverageRelativeTotalDamage: 8,15,
AverageGold: 10804,10648,
AverageRelativeGold: 18,18,
===ITEM====
ItemID: 1031,
Name: Chain Vest,
Wins: 2,
Games: 2,
KDA: 3/0/9,5/1/9,
AverageChampDamage: 14080,11591,
AverageRelativeChampDamage: 19,16,
AverageTotalDamage: 51893,48888,
AverageRelativeTotalDamage: 8,9,
AverageGold: 10804,9940,
AverageRelativeGold: 18,18,
===ITEM====
ItemID: 3027,
Name: Rod of Ages,
Wins: 78,
Games: 147,
KDA: 4/1/11,8/0/10,3/5/9,8/0/3,7/1/3,6/3/5,6/3/11,5/5/6,13/0/9,16/2/14,6/1/4,5/5/14,2/4/3,3/0/10,4/6/2,4/3/14,4/2/8,6/4/8,5/1/2,6/1/14,5/5/10,5/2/10,5/5/6,8/0/7,9/3/14,2/4/5,5/4/7,9/3/14,6/4/7,2/6/4,9/5/11,6/4/7,11/6/11,2/3/5,2/4/10,8/1/7,19/5/15,6/3/8,10/1/9,9/3/6,13/2/21,7/1/7,3/6/11,1/4/5,9/3/6,5/7/5,3/3/24,3/3/12,3/7/10,4/4/1,7/8/21,8/9/23,6/2/10,15/2/15,1/3/9,9/1/3,5/8/15,6/3/13,8/5/6,6/11/22,14/1/15,8/1/10,5/6/8,8/4/13,2/4/21,1/0/1,2/1/10,12/3/12,15/3/10,10/1/9,16/0/15,5/5/6,13/4/17,7/3/14,9/2/20,2/4/12,9/8/2,5/8/8,3/7/7,5/5/16,0/2/14,8/3/22,6/2/10,4/3/18,6/4/11,6/2/15,1/7/8,4/3/10,3/7/13,7/4/7,6/3/8,5/4/5,12/7/7,4/4/3,6/6/6,13/5/15,3/2/6,5/3/6,7/1/4,7/3/7,3/5/8,8/4/3,11/3/6,5/3/5,4/7/10,8/3/3,8/4/13,14/2/8,6/2/1,8/6/5,8/2/16,7/0/6,4/3/6,4/3/9,7/5/6,10/0/5,2/6/1,8/1/8,1/1/2,12/8/13,4/11/9,6/2/18,6/3/12,20/1/7,4/4/19,10/6/12,3/3/3,8/6/16,6/6/17,4/3/9,6/7/7,5/2/14,4/6/0,12/3/9,13/3/17,5/3/14,5/6/2,5/8/12,10/3/17,9/2/9,9/6/9,4/6/4,4/4/6,10/0/6,5/0/9,3/0/6,7/6/7,
AverageChampDamage: 9939,22260,22388,17026,12495,13912,18981,25834,20056,45817,12298,21075,13428,20837,18606,29263,27530,28555,20090,45180,29218,22723,17837,14445,33316,16971,25876,30553,27468,10868,26735,33507,45093,15400,30137,15998,57386,34222,25533,33746,46954,19996,21123,10244,21572,27774,35684,16172,12376,13025,53082,25244,19960,47437,25833,16674,21699,16575,24125,26625,26852,17879,18905,27129,21260,7432,13296,54793,27049,27865,35702,17701,51031,18070,22530,36624,28926,26025,35601,32470,13273,36126,16654,20720,38856,19206,13221,13735,21355,27441,35138,36747,37581,14934,14668,36745,30847,20286,21918,26866,18862,13567,32443,15098,25768,28975,33833,40494,16868,21433,25309,12238,30648,16891,19015,18317,15311,20971,8396,64515,21733,69615,26635,25596,30298,33658,11161,39907,31536,15627,23332,23130,11744,34774,50663,25190,13682,31745,47686,35941,41570,17534,14426,26930,13477,11884,35012,
AverageRelativeChampDamage: 18,25,24,41,25,23,21,33,27,35,24,22,25,28,29,27,31,34,43,30,20,25,34,26,28,22,20,37,26,19,37,21,32,24,23,21,33,39,36,28,23,30,21,30,23,31,16,17,23,25,19,20,17,29,27,28,21,26,28,16,38,18,23,27,18,22,19,30,29,30,35,22,41,19,25,29,28,26,29,21,20,28,20,18,31,19,21,21,19,32,33,31,33,29,21,23,36,21,27,26,24,24,27,17,19,30,24,36,22,25,21,16,24,15,23,27,23,21,21,29,26,34,30,42,22,32,26,18,23,24,31,24,29,27,34,26,28,26,33,27,31,25,19,26,20,21,29,
AverageTotalDamage: 26244,145102,169565,100128,98829,89895,130674,171359,129985,244724,103582,130034,173176,136129,93074,186315,165490,204259,109935,310430,264541,146193,124498,83826,196436,137091,201796,174188,222113,138920,170684,242362,298515,110627,228804,92601,387786,256695,150572,213887,198414,97083,91545,59182,115153,150220,187002,151833,48609,90427,439451,101416,203873,271683,61750,139587,50615,45043,187438,108857,119266,99843,58294,94632,114919,82783,62373,500873,147854,177802,223899,70409,314838,85564,117870,153336,210356,162800,199418,192967,36725,82537,61277,102975,327766,103740,101468,31870,95637,154183,254853,337424,196242,112846,55727,249331,156883,211790,169145,172824,122829,71665,237602,63707,73228,169482,228589,229969,123271,145407,124858,62528,180421,122423,194610,102683,125493,118789,63646,294912,142372,395773,109801,88087,179961,205906,66107,312591,186171,87008,190212,133402,74686,200000,333397,155835,85483,254707,235197,235030,301423,111367,115887,152812,67012,94686,217986,
AverageRelativeTotalDamage: 7,26,26,25,21,22,19,29,26,33,23,21,29,27,16,25,28,30,32,29,27,20,26,24,23,20,21,30,32,27,37,25,27,21,25,16,33,34,28,25,17,16,15,27,21,25,17,22,13,23,25,12,26,32,12,25,9,11,27,11,24,14,9,13,13,32,11,35,26,28,33,13,34,12,16,17,26,25,23,21,8,15,10,13,30,15,23,6,11,25,34,34,32,27,13,28,30,28,29,27,27,20,28,9,11,24,30,29,25,27,17,13,23,15,23,24,27,19,16,25,25,26,24,24,22,25,23,26,25,23,26,21,23,24,33,25,21,27,29,27,31,22,20,25,18,21,29,
AverageGold: 7887,12504,12305,9728,9847,9747,12605,14057,13460,20979,11488,12997,11607,10879,9255,13514,12286,14396,9767,18615,17709,13504,11079,9949,15831,11607,14941,14651,13238,10743,13838,16191,19587,9357,16505,11840,22806,16096,12924,15910,20013,12308,10648,5815,12019,12375,18465,13066,8359,8450,26608,16842,15116,19956,9766,12900,11387,9687,14354,16675,13921,13207,10691,15206,14463,7280,10682,25210,14438,14514,17880,10760,19797,13840,15404,14321,14202,13569,12972,17489,8575,14613,11344,13913,19048,12861,9387,9541,13700,13275,14989,17440,15806,9718,9813,18560,11283,14493,12547,13204,10568,9456,18175,10618,12658,13033,16435,17235,10955,12588,14291,10190,12857,13540,14779,11539,9355,13013,7365,21501,12027,22391,11857,11776,14723,16808,7302,20115,15488,8949,13065,12683,7706,17694,20825,12510,8988,17033,16807,16594,18200,10078,10625,13173,8415,9771,15525,
AverageRelativeGold: 17,21,20,21,19,19,18,23,23,26,23,19,20,19,18,20,21,23,23,22,20,19,22,23,21,18,20,22,22,21,25,21,21,18,19,20,24,24,23,21,21,21,18,0,20,21,20,19,19,21,21,19,20,23,19,23,19,20,22,19,23,19,18,20,19,21,0,25,23,23,24,19,23,19,20,20,23,20,19,21,18,20,19,19,22,18,18,17,18,22,23,21,25,21,21,22,23,21,22,21,20,22,23,18,18,21,21,23,22,23,19,19,22,19,19,22,20,19,18,21,20,20,20,26,19,22,20,19,19,20,21,19,22,22,23,20,21,20,21,21,22,20,19,21,19,20,22,
===ITEM====
ItemID: 2043,
Name: Vision Ward,
Wins: 7,
Games: 13,
KDA: 4/1/11,7/1/3,4/6/2,6/4/7,1/2/10,5/7/5,9/1/3,8/1/10,1/0/1,12/7/7,14/2/8,5/2/14,5/0/9,
AverageChampDamage: 9939,12495,18606,27468,11868,27774,16674,17879,7432,37581,40494,23130,13477,
AverageRelativeChampDamage: 18,25,29,26,22,31,28,18,22,33,36,24,20,
AverageTotalDamage: 26244,98829,93074,222113,35055,150220,139587,99843,82783,196242,229969,133402,67012,
AverageRelativeTotalDamage: 7,21,16,32,9,25,25,14,32,32,29,21,18,
AverageGold: 7887,9847,9255,13238,7207,12375,12900,13207,7280,15806,17235,12683,8415,
AverageRelativeGold: 17,19,18,22,17,21,23,19,21,25,23,19,19,
===ITEM====
ItemID: 3040,
Name: Seraph's Embrace,
Wins: 41,
Games: 76,
KDA: 8/0/10,3/5/9,6/3/11,13/0/9,5/5/14,2/4/3,3/0/10,4/3/14,4/2/8,6/4/8,6/1/14,5/5/10,5/2/10,5/5/6,9/3/14,2/4/5,5/4/7,9/3/14,6/4/7,9/5/11,6/4/7,6/0/7,11/6/11,2/4/10,4/3/12,19/5/15,6/3/8,10/1/9,9/3/6,9/3/6,5/7/5,3/3/12,6/2/10,15/2/15,8/5/6,14/1/15,12/3/12,15/3/10,10/1/9,16/0/15,13/4/17,9/8/2,5/8/8,3/7/7,6/4/11,7/4/7,5/4/5,12/7/7,13/5/15,3/2/6,5/3/6,7/1/4,7/3/7,11/3/6,8/3/3,8/4/13,14/2/8,8/6/5,4/3/6,4/3/9,7/5/6,10/0/5,8/1/8,12/8/13,4/4/19,8/6/16,6/6/17,6/7/7,5/2/14,6/2/13,5/3/14,5/8/12,10/3/17,9/2/9,9/6/9,7/6/7,
AverageChampDamage: 22260,22388,18981,20056,21075,13428,20837,29263,27530,28555,45180,29218,22723,17837,33316,16971,25876,30553,27468,26735,33507,28403,45093,30137,12826,57386,34222,25533,33746,21572,27774,16172,19960,47437,24125,26852,54793,27049,27865,35702,51031,28926,26025,35601,38856,27441,36747,37581,36745,30847,20286,21918,26866,32443,28975,33833,40494,21433,30648,16891,19015,18317,20971,64515,30298,39907,31536,23332,23130,30709,25190,31745,47686,35941,41570,35012,
AverageRelativeChampDamage: 25,24,21,27,22,25,28,27,31,34,30,20,25,34,28,22,20,37,26,37,21,29,32,23,20,33,39,36,28,23,31,17,17,29,28,38,30,29,30,35,41,28,26,29,31,32,31,33,23,36,21,27,26,27,30,24,36,25,24,15,23,27,21,29,22,18,23,31,24,20,26,26,33,27,31,29,
AverageTotalDamage: 145102,169565,130674,129985,130034,173176,136129,186315,165490,204259,310430,264541,146193,124498,196436,137091,201796,174188,222113,170684,242362,276536,298515,228804,136989,387786,256695,150572,213887,115153,150220,151833,203873,271683,187438,119266,500873,147854,177802,223899,314838,210356,162800,199418,327766,154183,337424,196242,249331,156883,211790,169145,172824,237602,169482,228589,229969,145407,180421,122423,194610,102683,118789,294912,179961,312591,186171,190212,133402,176322,155835,254707,235197,235030,301423,217986,
AverageRelativeTotalDamage: 26,26,19,26,21,29,27,25,28,30,29,27,20,26,23,20,21,30,32,37,25,38,27,25,24,33,34,28,25,21,25,22,26,32,27,24,35,26,28,33,34,26,25,23,30,25,34,32,28,30,28,29,27,28,24,30,29,27,23,15,23,24,19,25,22,26,25,26,21,25,25,27,29,27,31,29,
AverageGold: 12504,12305,12605,13460,12997,11607,10879,13514,12286,14396,18615,17709,13504,11079,15831,11607,14941,14651,13238,13838,16191,16212,19587,16505,12258,22806,16096,12924,15910,12019,12375,13066,15116,19956,14354,13921,25210,14438,14514,17880,19797,14202,13569,12972,19048,13275,17440,15806,18560,11283,14493,12547,13204,18175,13033,16435,17235,12588,12857,13540,14779,11539,13013,21501,14723,20115,15488,13065,12683,14131,12510,17033,16807,16594,18200,15525,
AverageRelativeGold: 21,20,18,23,19,20,19,20,21,23,22,20,19,22,21,18,20,22,22,25,21,26,21,19,20,24,24,23,21,20,21,19,20,23,22,23,25,23,23,24,23,23,20,19,22,22,21,25,22,23,21,22,21,23,21,21,23,23,22,19,19,22,19,21,19,19,19,21,19,20,20,20,21,21,22,22,
===ITEM====
ItemID: 3089,
Name: Rabadon's Deathcap,
Wins: 24,
Games: 35,
KDA: 8/0/10,13/0/9,16/2/14,6/4/8,9/3/14,9/3/14,6/0/7,11/6/11,8/1/7,19/5/15,7/8/21,15/2/15,9/1/3,8/1/10,16/0/15,13/4/17,9/2/20,5/8/8,6/4/11,6/3/8,5/4/5,12/7/7,13/5/15,8/4/13,14/2/8,10/0/5,8/1/8,12/8/13,10/6/12,8/6/16,12/3/9,13/3/17,5/3/14,10/3/17,9/2/9,
AverageChampDamage: 22260,20056,45817,28555,33316,30553,28403,45093,15998,57386,53082,47437,16674,17879,35702,51031,22530,26025,38856,35138,36747,37581,36745,33833,40494,18317,20971,64515,33658,39907,34774,50663,25190,47686,35941,
AverageRelativeChampDamage: 25,27,35,34,28,37,29,32,21,33,19,29,28,18,35,41,25,26,31,33,31,33,23,24,36,27,21,29,32,18,27,34,26,33,27,
AverageTotalDamage: 145102,129985,244724,204259,196436,174188,276536,298515,92601,387786,439451,271683,139587,99843,223899,314838,117870,162800,327766,254853,337424,196242,249331,228589,229969,102683,118789,294912,205906,312591,200000,333397,155835,235197,235030,
AverageRelativeTotalDamage: 26,26,33,30,23,30,38,27,16,33,25,32,25,14,33,34,16,25,30,34,34,32,28,30,29,24,19,25,25,26,24,33,25,29,27,
AverageGold: 12504,13460,20979,14396,15831,14651,16212,19587,11840,22806,26608,19956,12900,13207,17880,19797,15404,13569,19048,14989,17440,15806,18560,16435,17235,11539,13013,21501,16808,20115,17694,20825,12510,16807,16594,
AverageRelativeGold: 21,23,26,23,21,22,26,21,20,24,21,23,23,19,24,23,20,20,22,23,21,25,22,21,23,22,19,21,22,19,22,23,20,21,21,
===ITEM====
ItemID: 3020,
Name: Sorcerer's Shoes,
Wins: 58,
Games: 109,
KDA: 8/0/10,3/5/9,8/0/3,7/1/3,6/3/5,6/3/11,5/5/6,13/0/9,16/2/14,6/1/4,5/5/14,2/4/3,3/0/10,4/6/2,4/3/14,4/2/8,6/4/8,5/1/2,5/5/10,5/2/10,5/5/6,9/3/14,2/4/5,8/0/3,5/4/7,6/4/7,2/6/4,9/5/11,6/4/7,6/0/7,11/6/11,2/4/10,8/1/7,10/1/9,7/1/7,9/3/6,5/7/5,3/3/12,4/4/1,9/1/3,5/8/15,6/3/13,8/5/6,5/6/8,2/4/21,1/0/1,2/1/10,15/3/10,10/1/9,16/0/15,5/5/6,13/4/17,7/3/14,9/8/2,8/3/22,6/2/10,4/3/18,6/4/11,6/2/15,1/7/8,4/3/10,7/4/7,6/3/8,5/4/5,12/7/7,4/4/3,13/5/15,7/1/4,7/3/7,3/5/8,4/7/10,8/4/13,8/6/5,8/2/16,6/9/14,4/3/6,4/3/9,7/5/6,2/6/1,8/1/8,1/1/2,12/8/13,6/2/18,3/6/6,6/3/12,20/1/7,10/6/12,3/3/3,8/6/16,4/3/9,6/7/7,5/2/14,10/6/2,4/1/10,3/5/4,13/3/17,6/2/13,5/3/14,5/6/2,2/5/1,10/3/17,9/2/9,9/6/9,4/6/4,4/4/6,10/0/6,5/0/9,3/0/6,7/6/7,
AverageChampDamage: 22260,22388,17026,12495,13912,18981,25834,20056,45817,12298,21075,13428,20837,18606,29263,27530,28555,20090,29218,22723,17837,33316,16971,8418,25876,27468,10868,26735,33507,28403,45093,30137,15998,25533,19996,21572,27774,16172,13025,16674,21699,16575,24125,18905,21260,7432,13296,27049,27865,35702,17701,51031,18070,28926,36126,16654,20720,38856,19206,13221,13735,27441,35138,36747,37581,14934,36745,21918,26866,18862,25768,33833,21433,25309,14573,30648,16891,19015,15311,20971,8396,64515,69615,44957,26635,25596,33658,11161,39907,15627,23332,23130,30965,26782,11303,50663,30709,25190,13682,15215,47686,35941,41570,17534,14426,26930,13477,11884,35012,
AverageRelativeChampDamage: 25,24,41,25,23,21,33,27,35,24,22,25,28,29,27,31,34,43,20,25,34,28,22,19,20,26,19,37,21,29,32,23,21,36,30,23,31,17,25,28,21,26,28,23,18,22,19,29,30,35,22,41,19,28,28,20,18,31,19,21,21,32,33,31,33,29,23,27,26,24,19,24,25,21,17,24,15,23,23,21,21,29,34,25,30,42,32,26,18,24,31,24,28,27,29,34,20,26,28,25,33,27,31,25,19,26,20,21,29,
AverageTotalDamage: 145102,169565,100128,98829,89895,130674,171359,129985,244724,103582,130034,173176,136129,93074,186315,165490,204259,109935,264541,146193,124498,196436,137091,72957,201796,222113,138920,170684,242362,276536,298515,228804,92601,150572,97083,115153,150220,151833,90427,139587,50615,45043,187438,58294,114919,82783,62373,147854,177802,223899,70409,314838,85564,210356,82537,61277,102975,327766,103740,101468,31870,154183,254853,337424,196242,112846,249331,169145,172824,122829,73228,228589,145407,124858,67115,180421,122423,194610,125493,118789,63646,294912,395773,272440,109801,88087,205906,66107,312591,87008,190212,133402,152730,145659,82388,333397,176322,155835,85483,115054,235197,235030,301423,111367,115887,152812,67012,94686,217986,
AverageRelativeTotalDamage: 26,26,25,21,22,19,29,26,33,23,21,29,27,16,25,28,30,32,27,20,26,23,20,23,21,32,27,37,25,38,27,25,16,28,16,21,25,22,23,25,9,11,27,9,13,32,11,26,28,33,13,34,12,26,15,10,13,30,15,23,6,25,34,34,32,27,28,29,27,27,11,30,27,17,15,23,15,23,27,19,16,25,26,25,24,24,25,23,26,23,26,21,24,25,25,33,25,25,21,25,29,27,31,22,20,25,18,21,29,
AverageGold: 12504,12305,9728,9847,9747,12605,14057,13460,20979,11488,12997,11607,10879,9255,13514,12286,14396,9767,17709,13504,11079,15831,11607,8740,14941,13238,10743,13838,16191,16212,19587,16505,11840,12924,12308,12019,12375,13066,8450,12900,11387,9687,14354,10691,14463,7280,10682,14438,14514,17880,10760,19797,13840,14202,14613,11344,13913,19048,12861,9387,9541,13275,14989,17440,15806,9718,18560,12547,13204,10568,12658,16435,12588,14291,12378,12857,13540,14779,9355,13013,7365,21501,22391,16630,11857,11776,16808,7302,20115,8949,13065,12683,13494,12058,8150,20825,14131,12510,8988,9272,16807,16594,18200,10078,10625,13173,8415,9771,15525,
AverageRelativeGold: 21,20,21,19,19,18,23,23,26,23,19,20,19,18,20,21,23,23,20,19,22,21,18,22,20,22,21,25,21,26,21,19,20,23,21,20,21,19,21,23,19,20,22,18,19,21,0,23,23,24,19,23,19,23,20,19,19,22,18,18,17,22,23,21,25,21,22,22,21,20,18,21,23,19,19,22,19,19,20,19,18,21,20,19,20,26,22,20,19,20,21,19,22,21,21,23,20,20,21,20,21,21,22,20,19,21,19,20,22,
===ITEM====
ItemID: 3340,
Name: Warding Totem (Trinket),
Wins: 57,
Games: 103,
KDA: 8/0/10,3/5/9,8/0/3,7/1/3,6/3/5,6/3/11,5/5/6,13/0/9,16/2/14,6/1/4,5/5/14,3/0/10,4/3/14,6/4/8,5/5/10,0/1/3,8/0/7,9/3/14,2/4/5,8/0/3,5/4/7,9/3/14,6/4/7,9/5/11,6/4/7,6/0/7,11/6/11,2/3/5,4/3/12,7/1/7,1/4/5,5/7/5,3/3/12,4/4/1,9/1/3,6/3/13,8/5/6,14/1/15,8/1/10,1/0/1,2/1/10,12/3/12,15/3/10,10/1/9,13/4/17,9/8/2,5/8/8,0/2/14,6/4/11,1/7/8,4/3/10,5/4/5,12/7/7,4/4/3,6/6/6,7/1/4,3/5/8,5/3/5,8/3/3,8/4/13,14/2/8,8/6/5,2/5/2,7/0/6,4/3/6,4/3/9,7/5/6,10/0/5,2/6/1,8/1/8,1/1/2,0/0/0,4/11/9,6/2/18,6/3/12,20/1/7,4/4/19,10/6/12,3/3/3,8/6/16,4/3/9,5/2/14,4/6/0,3/7/9,12/3/9,10/6/2,4/1/10,3/5/4,13/3/17,6/2/13,5/3/14,5/6/2,2/5/1,5/8/12,10/3/17,9/2/9,9/6/9,4/6/4,4/4/6,10/0/6,5/0/9,3/0/6,7/6/7,
AverageChampDamage: 22260,22388,17026,12495,13912,18981,25834,20056,45817,12298,21075,20837,29263,28555,29218,6114,14445,33316,16971,8418,25876,30553,27468,26735,33507,28403,45093,15400,12826,19996,10244,27774,16172,13025,16674,16575,24125,26852,17879,7432,13296,54793,27049,27865,51031,28926,26025,13273,38856,13221,13735,36747,37581,14934,14668,21918,18862,15098,28975,33833,40494,21433,7074,12238,30648,16891,19015,18317,15311,20971,8396,380,21733,69615,26635,25596,30298,33658,11161,39907,15627,23130,11744,25790,34774,30965,26782,11303,50663,30709,25190,13682,15215,31745,47686,35941,41570,17534,14426,26930,13477,11884,35012,
AverageRelativeChampDamage: 25,24,41,25,23,21,33,27,35,24,22,28,27,34,20,13,26,28,22,19,20,37,26,37,21,29,32,24,20,30,30,31,17,25,28,26,28,38,18,22,19,30,29,30,41,28,26,20,31,21,21,31,33,29,21,27,24,17,30,24,36,25,22,16,24,15,23,27,23,21,21,56,26,34,30,42,22,32,26,18,24,24,29,28,27,28,27,29,34,20,26,28,25,26,33,27,31,25,19,26,20,21,29,
AverageTotalDamage: 145102,169565,100128,98829,89895,130674,171359,129985,244724,103582,130034,136129,186315,204259,264541,72294,83826,196436,137091,72957,201796,174188,222113,170684,242362,276536,298515,110627,136989,97083,59182,150220,151833,90427,139587,45043,187438,119266,99843,82783,62373,500873,147854,177802,314838,210356,162800,36725,327766,101468,31870,337424,196242,112846,55727,169145,122829,63707,169482,228589,229969,145407,20271,62528,180421,122423,194610,102683,125493,118789,63646,1806,142372,395773,109801,88087,179961,205906,66107,312591,87008,133402,74686,96905,200000,152730,145659,82388,333397,176322,155835,85483,115054,254707,235197,235030,301423,111367,115887,152812,67012,94686,217986,
AverageRelativeTotalDamage: 26,26,25,21,22,19,29,26,33,23,21,27,25,30,27,23,24,23,20,23,21,30,32,37,25,38,27,21,24,16,27,25,22,23,25,11,27,24,14,32,11,35,26,28,34,26,25,8,30,23,6,34,32,27,13,29,27,9,24,30,29,27,7,13,23,15,23,24,27,19,16,12,25,26,24,24,22,25,23,26,23,21,23,18,24,24,25,25,33,25,25,21,25,27,29,27,31,22,20,25,18,21,29,
AverageGold: 12504,12305,9728,9847,9747,12605,14057,13460,20979,11488,12997,10879,13514,14396,17709,7217,9949,15831,11607,8740,14941,14651,13238,13838,16191,16212,19587,9357,12258,12308,5815,12375,13066,8450,12900,9687,14354,13921,13207,7280,10682,25210,14438,14514,19797,14202,13569,8575,19048,9387,9541,17440,15806,9718,9813,12547,10568,10618,13033,16435,17235,12588,5842,10190,12857,13540,14779,11539,9355,13013,7365,819,12027,22391,11857,11776,14723,16808,7302,20115,8949,12683,7706,9888,17694,13494,12058,8150,20825,14131,12510,8988,9272,17033,16807,16594,18200,10078,10625,13173,8415,9771,15525,
AverageRelativeGold: 21,20,21,19,19,18,23,23,26,23,19,19,20,23,20,19,23,21,18,22,20,22,22,25,21,26,21,18,20,21,0,21,19,21,23,20,22,23,19,21,0,25,23,23,23,23,20,18,22,18,17,21,25,21,21,22,20,18,21,21,23,23,18,19,22,19,19,22,20,19,18,20,20,20,20,26,19,22,20,19,20,19,22,19,22,22,21,21,23,20,20,21,20,20,21,21,22,20,19,21,19,20,22,
===ITEM====
ItemID: 1056,
Name: Doran's Ring,
Wins: 24,
Games: 43,
KDA: 3/5/9,8/0/3,7/1/3,6/3/5,4/2/8,5/2/10,0/1/3,8/0/7,2/4/5,8/0/3,1/2/0,6/4/7,2/3/5,10/1/9,1/4/5,9/3/6,5/7/5,3/3/12,4/4/1,9/1/3,1/0/1,7/4/7,4/4/3,5/3/6,7/1/4,3/5/8,8/4/13,10/0/5,2/6/1,8/1/8,1/1/2,0/0/0,20/1/7,3/3/3,4/3/9,3/7/9,5/6/2,2/5/1,4/6/4,4/4/6,10/0/6,5/0/9,3/0/6,
AverageChampDamage: 22388,17026,12495,13912,27530,22723,6114,14445,16971,8418,6836,33507,15400,25533,10244,21572,27774,16172,13025,16674,7432,27441,14934,20286,21918,18862,33833,18317,15311,20971,8396,380,25596,11161,15627,25790,13682,15215,17534,14426,26930,13477,11884,
AverageRelativeChampDamage: 24,41,25,23,31,25,13,26,22,19,19,21,24,36,30,23,31,17,25,28,22,32,29,21,27,24,24,27,23,21,21,56,42,26,24,28,28,25,25,19,26,20,21,
AverageTotalDamage: 169565,100128,98829,89895,165490,146193,72294,83826,137091,72957,41657,242362,110627,150572,59182,115153,150220,151833,90427,139587,82783,154183,112846,211790,169145,122829,228589,102683,125493,118789,63646,1806,88087,66107,87008,96905,85483,115054,111367,115887,152812,67012,94686,
AverageRelativeTotalDamage: 26,25,21,22,28,20,23,24,20,23,14,25,21,28,27,21,25,22,23,25,32,25,27,28,29,27,30,24,27,19,16,12,24,23,23,18,21,25,22,20,25,18,21,
AverageGold: 12305,9728,9847,9747,12286,13504,7217,9949,11607,8740,5769,16191,9357,12924,5815,12019,12375,13066,8450,12900,7280,13275,9718,14493,12547,10568,16435,11539,9355,13013,7365,819,11776,7302,8949,9888,8988,9272,10078,10625,13173,8415,9771,
AverageRelativeGold: 20,21,19,19,21,19,19,23,18,22,18,21,18,23,0,20,21,19,21,23,21,22,21,21,22,20,21,22,20,19,18,20,26,20,20,19,21,20,20,19,21,19,20,
===ITEM====
ItemID: 3151,
Name: Liandry's Torment,
Wins: 12,
Games: 30,
KDA: 3/5/9,6/3/11,5/5/6,16/2/14,6/1/4,4/3/14,4/2/8,6/1/14,5/5/10,5/2/10,5/4/7,9/5/11,6/4/7,6/0/7,11/6/11,5/7/5,3/3/24,3/3/12,7/8/21,12/3/12,3/7/7,5/5/16,8/3/22,14/2/8,12/8/13,6/2/18,6/6/17,13/3/17,9/2/9,9/6/9,
AverageChampDamage: 22388,18981,25834,45817,12298,29263,27530,45180,29218,22723,25876,26735,33507,28403,45093,27774,35684,16172,53082,54793,35601,32470,36126,40494,64515,69615,31536,50663,35941,41570,
AverageRelativeChampDamage: 24,21,33,35,24,27,31,30,20,25,20,37,21,29,32,31,16,17,19,30,29,21,28,36,29,34,23,34,27,31,
AverageTotalDamage: 169565,130674,171359,244724,103582,186315,165490,310430,264541,146193,201796,170684,242362,276536,298515,150220,187002,151833,439451,500873,199418,192967,82537,229969,294912,395773,186171,333397,235030,301423,
AverageRelativeTotalDamage: 26,19,29,33,23,25,28,29,27,20,21,37,25,38,27,25,17,22,25,35,23,21,15,29,25,26,25,33,27,31,
AverageGold: 12305,12605,14057,20979,11488,13514,12286,18615,17709,13504,14941,13838,16191,16212,19587,12375,18465,13066,26608,25210,12972,17489,14613,17235,21501,22391,15488,20825,16594,18200,
AverageRelativeGold: 20,18,23,26,23,20,21,22,20,19,20,25,21,26,21,21,20,19,21,25,19,21,20,23,21,20,19,23,21,22,
===ITEM====
ItemID: 3003,
Name: Archangel's Staff,
Wins: 11,
Games: 16,
KDA: 8/0/3,7/1/3,0/1/3,8/0/7,8/0/3,2/3/7,8/1/10,2/2/12,9/1/3,1/7/8,4/4/3,8/4/3,20/1/7,4/6/0,5/6/2,3/0/6,
AverageChampDamage: 17026,12495,6114,14445,8418,9956,13582,13376,16674,13221,14934,13567,25596,11744,13682,11884,
AverageRelativeChampDamage: 41,25,13,26,19,11,16,17,28,21,29,24,42,29,28,21,
AverageTotalDamage: 100128,98829,72294,83826,72957,43573,49720,55422,139587,101468,112846,71665,88087,74686,85483,94686,
AverageRelativeTotalDamage: 25,21,23,24,23,7,8,9,25,23,27,20,24,23,21,21,
AverageGold: 9728,9847,7217,9949,8740,9599,11904,10335,12900,9387,9718,9456,11776,7706,8988,9771,
AverageRelativeGold: 21,19,19,23,22,15,19,18,23,18,21,22,26,22,21,20,
===ITEM====
ItemID: 1058,
Name: Needlessly Large Rod,
Wins: 22,
Games: 33,
KDA: 8/0/3,6/3/5,13/0/9,6/4/8,9/3/14,2/4/5,8/0/3,5/4/7,2/4/10,9/3/6,9/3/6,4/4/1,6/2/10,15/2/15,14/1/15,15/3/10,5/5/6,13/4/17,9/8/2,0/2/14,8/3/22,7/4/7,3/2/6,7/1/4,7/3/7,8/4/3,20/1/7,3/3/3,5/2/14,12/3/9,3/5/4,6/2/13,4/6/4,
AverageChampDamage: 17026,13912,20056,28555,33316,16971,8418,25876,30137,33746,21572,13025,19960,47437,26852,27049,17701,51031,28926,13273,36126,27441,30847,21918,26866,13567,25596,11161,23130,34774,11303,30709,17534,
AverageRelativeChampDamage: 41,23,27,34,28,22,19,20,23,28,23,25,17,29,38,29,22,41,28,20,28,32,36,27,26,24,42,26,24,27,29,20,25,
AverageTotalDamage: 100128,89895,129985,204259,196436,137091,72957,201796,228804,213887,115153,90427,203873,271683,119266,147854,70409,314838,210356,36725,82537,154183,156883,169145,172824,71665,88087,66107,133402,200000,82388,176322,111367,
AverageRelativeTotalDamage: 25,22,26,30,23,20,23,21,25,25,21,23,26,32,24,26,13,34,26,8,15,25,30,29,27,20,24,23,21,24,25,25,22,
AverageGold: 9728,9747,13460,14396,15831,11607,8740,14941,16505,15910,12019,8450,15116,19956,13921,14438,10760,19797,14202,8575,14613,13275,11283,12547,13204,9456,11776,7302,12683,17694,8150,14131,10078,
AverageRelativeGold: 21,19,23,23,21,18,22,20,19,21,20,21,20,23,23,23,19,23,23,18,20,22,23,22,21,22,26,20,19,22,21,20,20,
===ITEM====
ItemID: 1026,
Name: Blasting Wand,
Wins: 15,
Games: 33,
KDA: 7/1/3,3/0/10,4/3/14,6/4/8,5/1/2,2/4/5,8/0/3,5/4/7,6/4/7,5/3/12,8/1/10,6/3/8,0/0/3,3/3/12,6/2/10,2/4/21,1/0/1,15/3/10,9/8/2,6/4/11,13/5/15,4/7/10,8/3/3,6/2/1,8/2/16,4/3/6,3/6/6,4/4/19,10/6/12,6/6/17,3/7/9,10/6/2,6/2/13,
AverageChampDamage: 12495,20837,29263,28555,20090,16971,8418,25876,27468,20948,13582,34222,6979,16172,19960,21260,7432,27049,28926,38856,36745,25768,28975,16868,25309,30648,44957,30298,33658,31536,25790,30965,30709,
AverageRelativeChampDamage: 25,28,27,34,43,22,19,20,26,15,16,39,17,17,17,18,22,29,28,31,23,19,30,22,21,24,25,22,32,23,28,28,20,
AverageTotalDamage: 98829,136129,186315,204259,109935,137091,72957,201796,222113,114946,49720,256695,25560,151833,203873,114919,82783,147854,210356,327766,249331,73228,169482,123271,124858,180421,272440,179961,205906,186171,96905,152730,176322,
AverageRelativeTotalDamage: 21,27,25,30,32,20,23,21,32,12,8,34,8,22,26,13,32,26,26,30,28,11,24,25,17,23,25,22,25,25,18,24,25,
AverageGold: 9847,10879,13514,14396,9767,11607,8740,14941,13238,14396,11904,16096,5686,13066,15116,14463,7280,14438,14202,19048,18560,12658,13033,10955,14291,12857,16630,14723,16808,15488,9888,13494,14131,
AverageRelativeGold: 19,19,20,23,23,18,22,20,22,18,19,24,15,19,20,19,21,23,23,22,22,18,21,22,19,22,19,19,22,19,19,22,20,
===ITEM====
ItemID: 3001,
Name: Abyssal Scepter,
Wins: 5,
Games: 10,
KDA: 6/3/5,5/5/14,8/9/23,6/11/22,5/3/5,6/2/18,6/7/7,5/2/14,10/6/2,2/5/1,
AverageChampDamage: 13912,21075,25244,26625,15098,69615,23332,23130,30965,15215,
AverageRelativeChampDamage: 23,22,20,16,17,34,31,24,28,25,
AverageTotalDamage: 89895,130034,101416,108857,63707,395773,190212,133402,152730,115054,
AverageRelativeTotalDamage: 22,21,12,11,9,26,26,21,24,25,
AverageGold: 9747,12997,16842,16675,10618,22391,13065,12683,13494,9272,
AverageRelativeGold: 19,19,19,19,18,20,21,19,22,20,
===ITEM====
ItemID: 3135,
Name: Void Staff,
Wins: 2,
Games: 15,
KDA: 5/5/6,6/1/14,7/8/21,5/8/15,8/5/6,12/3/12,8/6/5,6/2/18,3/6/6,8/6/16,4/1/10,5/8/12,10/3/17,9/6/9,7/6/7,
AverageChampDamage: 25834,45180,53082,21699,24125,54793,21433,69615,44957,39907,26782,31745,47686,41570,35012,
AverageRelativeChampDamage: 33,30,19,21,28,30,25,34,25,18,27,26,33,31,29,
AverageTotalDamage: 171359,310430,439451,50615,187438,500873,145407,395773,272440,312591,145659,254707,235197,301423,217986,
AverageRelativeTotalDamage: 29,29,25,9,27,35,27,26,25,26,25,27,29,31,29,
AverageGold: 14057,18615,26608,11387,14354,25210,12588,22391,16630,20115,12058,17033,16807,18200,15525,
AverageRelativeGold: 23,22,21,19,22,25,23,20,19,19,21,20,21,22,22,
===ITEM====
ItemID: 3157,
Name: Zhonya's Hourglass,
Wins: 10,
Games: 29,
KDA: 16/2/14,2/4/3,4/6/2,6/1/14,6/4/7,6/4/7,11/6/11,2/4/10,4/3/12,19/5/15,6/2/10,8/5/6,6/2/1,6/9/14,7/5/6,4/11/9,3/6/6,6/3/12,4/4/19,8/6/16,6/6/17,12/3/9,13/3/17,5/8/12,9/6/9,4/6/4,4/4/6,10/0/6,7/6/7,
AverageChampDamage: 45817,13428,18606,45180,27468,33507,45093,30137,12826,57386,19960,24125,16868,14573,19015,21733,44957,26635,30298,39907,31536,34774,50663,31745,41570,17534,14426,26930,35012,
AverageRelativeChampDamage: 35,25,29,30,26,21,32,23,20,33,17,28,22,17,23,26,25,30,22,18,23,27,34,26,31,25,19,26,29,
AverageTotalDamage: 244724,173176,93074,310430,222113,242362,298515,228804,136989,387786,203873,187438,123271,67115,194610,142372,272440,109801,179961,312591,186171,200000,333397,254707,301423,111367,115887,152812,217986,
AverageRelativeTotalDamage: 33,29,16,29,32,25,27,25,24,33,26,27,25,15,23,25,25,24,22,26,25,24,33,27,31,22,20,25,29,
AverageGold: 20979,11607,9255,18615,13238,16191,19587,16505,12258,22806,15116,14354,10955,12378,14779,12027,16630,11857,14723,20115,15488,17694,20825,17033,18200,10078,10625,13173,15525,
AverageRelativeGold: 26,20,18,22,22,21,21,19,20,24,20,22,22,19,19,20,19,20,19,19,19,22,23,20,22,20,19,21,22,
===ITEM====
ItemID: 2003,
Name: Health Potion,
Wins: 3,
Games: 5,
KDA: 6/1/4,0/1/3,1/7/8,7/3/7,8/4/3,
AverageChampDamage: 12298,6114,13221,26866,13567,
AverageRelativeChampDamage: 24,13,21,26,24,
AverageTotalDamage: 103582,72294,101468,172824,71665,
AverageRelativeTotalDamage: 23,23,23,27,20,
AverageGold: 11488,7217,9387,13204,9456,
AverageRelativeGold: 23,19,18,21,22,
===ITEM====
ItemID: 1028,
Name: Ruby Crystal,
Wins: 7,
Games: 15,
KDA: 5/5/14,5/1/2,3/3/11,2/4/10,2/5/11,4/3/12,1/5/7,7/1/7,1/3/9,10/1/9,1/7/8,4/3/10,8/6/5,4/11/9,5/6/2,
AverageChampDamage: 21075,20090,11052,30137,19241,12826,9887,19996,25833,27865,13221,13735,21433,21733,13682,
AverageRelativeChampDamage: 22,43,13,23,12,20,19,30,27,30,21,21,25,26,28,
AverageTotalDamage: 130034,109935,35421,228804,106087,136989,23821,97083,61750,177802,101468,31870,145407,142372,85483,
AverageRelativeTotalDamage: 21,32,5,25,8,24,8,16,12,28,23,6,27,25,21,
AverageGold: 12997,9767,9772,16505,15162,12258,6667,12308,9766,14514,9387,9541,12588,12027,8988,
AverageRelativeGold: 19,23,15,19,16,20,18,21,19,23,18,17,23,20,21,
===ITEM====
ItemID: 1052,
Name: Amplifying Tome,
Wins: 10,
Games: 31,
KDA: 5/5/14,5/1/2,5/5/10,0/1/3,8/0/7,4/3/13,1/2/10,3/3/19,2/6/4,9/5/11,1/2/0,2/3/7,1/3/9,10/1/9,6/2/15,1/7/8,5/4/5,7/3/7,6/2/1,8/6/5,6/9/14,4/3/6,4/11/9,20/1/7,4/4/19,3/3/3,10/6/2,5/6/2,2/5/1,4/6/4,7/6/7,
AverageChampDamage: 21075,20090,29218,6114,14445,17649,11868,15367,10868,26735,6836,9956,25833,27865,19206,13221,36747,26866,16868,21433,14573,30648,21733,25596,30298,11161,30965,13682,15215,17534,35012,
AverageRelativeChampDamage: 22,43,20,13,26,26,22,17,19,37,19,11,27,30,19,21,31,26,22,25,17,24,26,42,22,26,28,28,25,25,29,
AverageTotalDamage: 130034,109935,264541,72294,83826,51619,35055,39238,138920,170684,41657,43573,61750,177802,103740,101468,337424,172824,123271,145407,67115,180421,142372,88087,179961,66107,152730,85483,115054,111367,217986,
AverageRelativeTotalDamage: 21,32,27,23,24,14,9,8,27,37,14,7,12,28,15,23,34,27,25,27,15,23,25,24,22,23,24,21,25,22,29,
AverageGold: 12997,9767,17709,7217,9949,8878,7207,10240,10743,13838,5769,9599,9766,14514,12861,9387,17440,13204,10955,12588,12378,12857,12027,11776,14723,7302,13494,8988,9272,10078,15525,
AverageRelativeGold: 19,23,20,19,23,19,17,18,21,25,18,15,19,23,18,18,21,21,22,23,19,22,20,26,19,20,22,21,20,20,22,
===ITEM====
ItemID: 3363,
Name: Farsight Alteration,
Wins: 4,
Games: 11,
KDA: 2/4/3,4/6/2,4/2/8,5/1/2,6/1/14,5/2/10,5/5/6,2/4/10,6/2/10,15/2/15,3/6/6,
AverageChampDamage: 13428,18606,27530,20090,45180,22723,17837,30137,19960,47437,44957,
AverageRelativeChampDamage: 25,29,31,43,30,25,34,23,17,29,25,
AverageTotalDamage: 173176,93074,165490,109935,310430,146193,124498,228804,203873,271683,272440,
AverageRelativeTotalDamage: 29,16,28,32,29,20,26,25,26,32,25,
AverageGold: 11607,9255,12286,9767,18615,13504,11079,16505,15116,19956,16630,
AverageRelativeGold: 20,18,21,23,22,19,22,19,20,23,19,
===ITEM====
ItemID: 3070,
Name: Tear of the Goddess,
Wins: 2,
Games: 9,
KDA: 4/6/2,2/3/5,1/4/5,4/4/1,1/0/1,3/5/8,1/1/2,3/5/4,4/4/6,
AverageChampDamage: 18606,15400,10244,13025,7432,18862,8396,11303,14426,
AverageRelativeChampDamage: 29,24,30,25,22,24,21,29,19,
AverageTotalDamage: 93074,110627,59182,90427,82783,122829,63646,82388,115887,
AverageRelativeTotalDamage: 16,21,27,23,32,27,16,25,20,
AverageGold: 9255,9357,5815,8450,7280,10568,7365,8150,10625,
AverageRelativeGold: 18,18,0,21,21,20,18,21,19,
===ITEM====
ItemID: 3136,
Name: Haunting Guise,
Wins: 4,
Games: 8,
KDA: 5/5/6,2/6/4,6/2/10,6/3/8,4/3/9,7/5/6,4/3/9,3/7/9,
AverageChampDamage: 17837,10868,16654,35138,16891,19015,15627,25790,
AverageRelativeChampDamage: 34,19,20,33,15,23,24,28,
AverageTotalDamage: 124498,138920,61277,254853,122423,194610,87008,96905,
AverageRelativeTotalDamage: 26,27,10,34,15,23,23,18,
AverageGold: 11079,10743,11344,14989,13540,14779,8949,9888,
AverageRelativeGold: 22,21,19,23,19,19,20,19,
===ITEM====
ItemID: 3010,
Name: Catalyst the Protector,
Wins: 2,
Games: 2,
KDA: 0/1/3,0/0/3,
AverageChampDamage: 6114,6979,
AverageRelativeChampDamage: 13,17,
AverageTotalDamage: 72294,25560,
AverageRelativeTotalDamage: 23,8,
AverageGold: 7217,5686,
AverageRelativeGold: 19,15,
===ITEM====
ItemID: 1001,
Name: Boots of Speed,
Wins: 10,
Games: 14,
KDA: 0/1/3,8/0/7,9/3/14,0/0/3,1/4/5,14/1/15,8/1/10,9/2/20,0/2/14,6/6/6,5/3/5,7/0/6,4/6/0,3/7/9,
AverageChampDamage: 6114,14445,30553,6979,10244,26852,17879,22530,13273,14668,15098,12238,11744,25790,
AverageRelativeChampDamage: 13,26,37,17,30,38,18,25,20,21,17,16,29,28,
AverageTotalDamage: 72294,83826,174188,25560,59182,119266,99843,117870,36725,55727,63707,62528,74686,96905,
AverageRelativeTotalDamage: 23,24,30,8,27,24,14,16,8,13,9,13,23,18,
AverageGold: 7217,9949,14651,5686,5815,13921,13207,15404,8575,9813,10618,10190,7706,9888,
AverageRelativeGold: 19,23,22,15,0,23,19,20,18,21,18,19,22,19,
===ITEM====
ItemID: 3113,
Name: Aether Wisp,
Wins: 7,
Games: 11,
KDA: 9/3/14,9/3/14,6/3/13,2/1/10,5/5/6,5/8/8,0/2/14,4/4/3,7/1/4,8/4/3,10/3/17,
AverageChampDamage: 33316,30553,16575,13296,17701,26025,13273,14934,21918,13567,47686,
AverageRelativeChampDamage: 28,37,26,19,22,26,20,29,27,24,33,
AverageTotalDamage: 196436,174188,45043,62373,70409,162800,36725,112846,169145,71665,235197,
AverageRelativeTotalDamage: 23,30,11,11,13,25,8,27,29,20,29,
AverageGold: 15831,14651,9687,10682,10760,13569,8575,9718,12547,9456,16807,
AverageRelativeGold: 21,22,20,0,19,20,18,21,22,22,21,
===ITEM====
ItemID: 3110,
Name: Frozen Heart,
Wins: 3,
Games: 5,
KDA: 5/1/9,1/2/18,5/3/12,2/5/11,4/3/12,
AverageChampDamage: 11591,14562,20948,19241,12826,
AverageRelativeChampDamage: 16,13,15,12,20,
AverageTotalDamage: 48888,67943,114946,106087,136989,
AverageRelativeTotalDamage: 9,9,12,8,24,
AverageGold: 9940,12552,14396,15162,12258,
AverageRelativeGold: 18,18,18,16,20,
===ITEM====
ItemID: 3211,
Name: Spectre's Cowl,
Wins: 0,
Games: 1,
KDA: 0/4/8,
AverageChampDamage: 14360,
AverageRelativeChampDamage: 24,
AverageTotalDamage: 42524,
AverageRelativeTotalDamage: 8,
AverageGold: 8718,
AverageRelativeGold: 18,
===ITEM====
ItemID: 3801,
Name: Crystalline Bracer,
Wins: 0,
Games: 2,
KDA: 0/4/8,2/3/3,
AverageChampDamage: 14360,12282,
AverageRelativeChampDamage: 24,28,
AverageTotalDamage: 42524,47136,
AverageRelativeTotalDamage: 8,10,
AverageGold: 8718,8218,
AverageRelativeGold: 18,0,
===ITEM====
ItemID: 2139,
Name: Elixir of Sorcery,
Wins: 0,
Games: 1,
KDA: 1/10/13,
AverageChampDamage: 17000,
AverageRelativeChampDamage: 16,
AverageTotalDamage: 53811,
AverageRelativeTotalDamage: 7,
AverageGold: 11753,
AverageRelativeGold: 17,
===ITEM====
ItemID: 3191,
Name: Seeker's Armguard,
Wins: 4,
Games: 8,
KDA: 8/0/3,2/3/5,9/3/6,9/3/6,3/7/7,3/2/6,6/7/7,4/1/10,
AverageChampDamage: 8418,15400,33746,21572,35601,30847,23332,26782,
AverageRelativeChampDamage: 19,24,28,23,29,36,31,27,
AverageTotalDamage: 72957,110627,213887,115153,199418,156883,190212,145659,
AverageRelativeTotalDamage: 23,21,25,21,23,30,26,25,
AverageGold: 8740,9357,15910,12019,12972,11283,13065,12058,
AverageRelativeGold: 22,18,21,20,19,23,21,21,
===ITEM====
ItemID: 3009,
Name: Boots of Swiftness,
Wins: 1,
Games: 4,
KDA: 4/3/13,1/2/0,3/7/10,6/2/10,
AverageChampDamage: 17649,6836,12376,19960,
AverageRelativeChampDamage: 26,19,23,17,
AverageTotalDamage: 51619,41657,48609,203873,
AverageRelativeTotalDamage: 14,14,13,26,
AverageGold: 8878,5769,8359,15116,
AverageRelativeGold: 19,18,19,20,
===ITEM====
ItemID: 1011,
Name: Giant's Belt,
Wins: 2,
Games: 4,
KDA: 4/3/13,3/3/19,16/0/15,0/8/8,
AverageChampDamage: 17649,15367,35702,13608,
AverageRelativeChampDamage: 26,17,35,11,
AverageTotalDamage: 51619,39238,223899,53943,
AverageRelativeTotalDamage: 14,8,33,6,
AverageGold: 8878,10240,17880,11501,
AverageRelativeGold: 19,18,24,16,
===ITEM====
ItemID: 3512,
Name: Zz'Rot Portal,
Wins: 4,
Games: 8,
KDA: 1/2/18,13/2/21,5/6/8,2/4/21,0/8/8,4/3/6,4/3/9,12/8/13,
AverageChampDamage: 14562,46954,18905,21260,13608,30648,16891,64515,
AverageRelativeChampDamage: 13,23,23,18,11,24,15,29,
AverageTotalDamage: 67943,198414,58294,114919,53943,180421,122423,294912,
AverageRelativeTotalDamage: 9,17,9,13,6,23,15,25,
AverageGold: 12552,20013,10691,14463,11501,12857,13540,21501,
AverageRelativeGold: 18,21,18,19,16,22,19,21,
===ITEM====
ItemID: 3174,
Name: Athene's Unholy Grail,
Wins: 0,
Games: 1,
KDA: 2/6/4,
AverageChampDamage: 10868,
AverageRelativeChampDamage: 19,
AverageTotalDamage: 138920,
AverageRelativeTotalDamage: 27,
AverageGold: 10743,
AverageRelativeGold: 21,
===ITEM====
ItemID: 1004,
Name: Faerie Charm,
Wins: 0,
Games: 1,
KDA: 1/2/0,
AverageChampDamage: 6836,
AverageRelativeChampDamage: 19,
AverageTotalDamage: 41657,
AverageRelativeTotalDamage: 14,
AverageGold: 5769,
AverageRelativeGold: 18,
===ITEM====
ItemID: 2301,
Name: Eye of the Watchers,
Wins: 1,
Games: 2,
KDA: 1/2/0,8/4/13,
AverageChampDamage: 6836,27129,
AverageRelativeChampDamage: 19,27,
AverageTotalDamage: 41657,94632,
AverageRelativeTotalDamage: 14,13,
AverageGold: 5769,15206,
AverageRelativeGold: 18,20,
===ITEM====
ItemID: 1033,
Name: Null-Magic Mantle,
Wins: 0,
Games: 2,
KDA: 1/2/0,6/6/6,
AverageChampDamage: 6836,14668,
AverageRelativeChampDamage: 19,21,
AverageTotalDamage: 41657,55727,
AverageRelativeTotalDamage: 14,13,
AverageGold: 5769,9813,
AverageRelativeGold: 18,21,
===ITEM====
ItemID: 3102,
Name: Banshee's Veil,
Wins: 0,
Games: 1,
KDA: 5/3/12,
AverageChampDamage: 20948,
AverageRelativeChampDamage: 15,
AverageTotalDamage: 114946,
AverageRelativeTotalDamage: 12,
AverageGold: 14396,
AverageRelativeGold: 18,
===ITEM====
ItemID: 3285,
Name: Luden's Echo,
Wins: 20,
Games: 33,
KDA: 6/0/7,19/5/15,6/3/8,10/1/9,9/3/6,13/2/21,15/2/15,14/1/15,8/1/10,8/4/13,12/3/12,15/3/10,10/1/9,16/0/15,13/4/17,7/3/14,9/2/20,9/8/2,6/4/11,6/2/15,7/4/7,6/3/8,5/4/5,12/7/7,13/5/15,3/5/8,11/3/6,4/7/10,8/3/3,8/4/13,8/2/16,7/0/6,10/6/12,
AverageChampDamage: 28403,57386,34222,25533,33746,46954,47437,26852,17879,27129,54793,27049,27865,35702,51031,18070,22530,28926,38856,19206,27441,35138,36747,37581,36745,18862,32443,25768,28975,33833,25309,12238,33658,
AverageRelativeChampDamage: 29,33,39,36,28,23,29,38,18,27,30,29,30,35,41,19,25,28,31,19,32,33,31,33,23,24,27,19,30,24,21,16,32,
AverageTotalDamage: 276536,387786,256695,150572,213887,198414,271683,119266,99843,94632,500873,147854,177802,223899,314838,85564,117870,210356,327766,103740,154183,254853,337424,196242,249331,122829,237602,73228,169482,228589,124858,62528,205906,
AverageRelativeTotalDamage: 38,33,34,28,25,17,32,24,14,13,35,26,28,33,34,12,16,26,30,15,25,34,34,32,28,27,28,11,24,30,17,13,25,
AverageGold: 16212,22806,16096,12924,15910,20013,19956,13921,13207,15206,25210,14438,14514,17880,19797,13840,15404,14202,19048,12861,13275,14989,17440,15806,18560,10568,18175,12658,13033,16435,14291,10190,16808,
AverageRelativeGold: 26,24,24,23,21,21,23,23,19,20,25,23,23,24,23,19,20,23,22,18,22,23,21,25,22,20,23,18,21,21,19,19,22,
===ITEM====
ItemID: 3100,
Name: Lich Bane,
Wins: 0,
Games: 1,
KDA: 2/5/11,
AverageChampDamage: 19241,
AverageRelativeChampDamage: 12,
AverageTotalDamage: 106087,
AverageRelativeTotalDamage: 8,
AverageGold: 15162,
AverageRelativeGold: 16,
===ITEM====
ItemID: 1311,
Name: Enchantment: Alacrity,
Wins: 4,
Games: 9,
KDA: 19/5/15,6/3/8,9/3/6,15/2/15,12/3/12,5/5/16,11/3/6,8/3/3,14/2/8,
AverageChampDamage: 57386,34222,33746,47437,54793,32470,32443,28975,40494,
AverageRelativeChampDamage: 33,39,28,29,30,21,27,30,36,
AverageTotalDamage: 387786,256695,213887,271683,500873,192967,237602,169482,229969,
AverageRelativeTotalDamage: 33,34,25,32,35,21,28,24,29,
AverageGold: 22806,16096,15910,19956,25210,17489,18175,13033,17235,
AverageRelativeGold: 24,24,21,23,25,21,23,21,23,
===ITEM====
ItemID: 1316,
Name: Enchantment: Alacrity,
Wins: 1,
Games: 3,
KDA: 13/2/21,3/3/24,8/9/23,
AverageChampDamage: 46954,35684,25244,
AverageRelativeChampDamage: 23,16,20,
AverageTotalDamage: 198414,187002,101416,
AverageRelativeTotalDamage: 17,17,12,
AverageGold: 20013,18465,16842,
AverageRelativeGold: 21,20,19,
===ITEM====
ItemID: 1027,
Name: Sapphire Crystal,
Wins: 1,
Games: 1,
KDA: 7/1/7,
AverageChampDamage: 19996,
AverageRelativeChampDamage: 30,
AverageTotalDamage: 97083,
AverageRelativeTotalDamage: 16,
AverageGold: 12308,
AverageRelativeGold: 21,
===ITEM====
ItemID: 2053,
Name: Raptor Cloak,
Wins: 0,
Games: 3,
KDA: 3/6/11,2/4/12,6/6/6,
AverageChampDamage: 21123,36624,14668,
AverageRelativeChampDamage: 21,29,21,
AverageTotalDamage: 91545,153336,55727,
AverageRelativeTotalDamage: 15,17,13,
AverageGold: 10648,14321,9813,
AverageRelativeGold: 18,20,21,
===ITEM====
ItemID: 2010,
Name: Total Biscuit of Rejuvenation,
Wins: 4,
Games: 8,
KDA: 0/0/3,6/2/10,5/3/5,2/5/2,0/0/0,3/3/3,3/5/4,5/0/9,
AverageChampDamage: 6979,16654,15098,7074,380,11161,11303,13477,
AverageRelativeChampDamage: 17,20,17,22,56,26,29,20,
AverageTotalDamage: 25560,61277,63707,20271,1806,66107,82388,67012,
AverageRelativeTotalDamage: 8,10,9,7,12,23,25,18,
AverageGold: 5686,11344,10618,5842,819,7302,8150,8415,
AverageRelativeGold: 15,19,18,18,20,20,21,19,
===ITEM====
ItemID: 1029,
Name: Cloth Armor,
Wins: 1,
Games: 2,
KDA: 1/4/5,9/2/9,
AverageChampDamage: 10244,35941,
AverageRelativeChampDamage: 30,27,
AverageTotalDamage: 59182,235030,
AverageRelativeTotalDamage: 27,27,
AverageGold: 5815,16594,
AverageRelativeGold: 0,21,
===ITEM====
ItemID: 3025,
Name: Iceborn Gauntlet,
Wins: 0,
Games: 1,
KDA: 3/3/24,
AverageChampDamage: 35684,
AverageRelativeChampDamage: 16,
AverageTotalDamage: 187002,
AverageRelativeTotalDamage: 17,
AverageGold: 18465,
AverageRelativeGold: 20,
===ITEM====
ItemID: 3065,
Name: Spirit Visage,
Wins: 0,
Games: 1,
KDA: 3/3/24,
AverageChampDamage: 35684,
AverageRelativeChampDamage: 16,
AverageTotalDamage: 187002,
AverageRelativeTotalDamage: 17,
AverageGold: 18465,
AverageRelativeGold: 20,
===ITEM====
ItemID: 1306,
Name: Enchantment: Alacrity,
Wins: 0,
Games: 1,
KDA: 7/8/21,
AverageChampDamage: 53082,
AverageRelativeChampDamage: 19,
AverageTotalDamage: 439451,
AverageRelativeTotalDamage: 25,
AverageGold: 26608,
AverageRelativeGold: 21,
===ITEM====
ItemID: 3190,
Name: Locket of the Iron Solari,
Wins: 0,
Games: 1,
KDA: 6/11/22,
AverageChampDamage: 26625,
AverageRelativeChampDamage: 16,
AverageTotalDamage: 108857,
AverageRelativeTotalDamage: 11,
AverageGold: 16675,
AverageRelativeGold: 19,
===ITEM====
ItemID: 1317,
Name: Enchantment: Captain,
Wins: 0,
Games: 1,
KDA: 6/11/22,
AverageChampDamage: 26625,
AverageRelativeChampDamage: 16,
AverageTotalDamage: 108857,
AverageRelativeTotalDamage: 11,
AverageGold: 16675,
AverageRelativeGold: 19,
===ITEM====
ItemID: 3105,
Name: Aegis of the Legion,
Wins: 1,
Games: 1,
KDA: 7/3/14,
AverageChampDamage: 18070,
AverageRelativeChampDamage: 19,
AverageTotalDamage: 85564,
AverageRelativeTotalDamage: 12,
AverageGold: 13840,
AverageRelativeGold: 19,
===ITEM====
ItemID: 3108,
Name: Fiendish Codex,
Wins: 2,
Games: 5,
KDA: 2/3/3,3/7/13,2/6/1,6/7/7,3/0/6,
AverageChampDamage: 12282,21355,15311,23332,11884,
AverageRelativeChampDamage: 28,19,23,31,21,
AverageTotalDamage: 47136,95637,125493,190212,94686,
AverageRelativeTotalDamage: 10,11,27,26,21,
AverageGold: 8218,13700,9355,13065,9771,
AverageRelativeGold: 0,18,20,21,20,
===ITEM====
ItemID: 3158,
Name: Ionian Boots of Lucidity,
Wins: 1,
Games: 1,
KDA: 3/7/13,
AverageChampDamage: 21355,
AverageRelativeChampDamage: 19,
AverageTotalDamage: 95637,
AverageRelativeTotalDamage: 11,
AverageGold: 13700,
AverageRelativeGold: 18,
===ITEM====
ItemID: 3030,
Name: Hextech GLP-800,
Wins: 1,
Games: 7,
KDA: 3/6/6,3/7/9,10/6/2,4/1/10,3/5/4,6/2/13,2/5/1,
AverageChampDamage: 44957,25790,30965,26782,11303,30709,15215,
AverageRelativeChampDamage: 25,28,28,27,29,20,25,
AverageTotalDamage: 272440,96905,152730,145659,82388,176322,115054,
AverageRelativeTotalDamage: 25,18,24,25,25,25,25,
AverageGold: 16630,9888,13494,12058,8150,14131,9272,
AverageRelativeGold: 19,19,22,21,21,20,20,
===ITEM====
ItemID: 3026,
Name: Guardian Angel,
Wins: 0,
Games: 1,
KDA: 5/8/12,
AverageChampDamage: 31745,
AverageRelativeChampDamage: 26,
AverageTotalDamage: 254707,
AverageRelativeTotalDamage: 27,
AverageGold: 17033,
AverageRelativeGold: 20,
